1,100,0
1,100,-3
1,100,0
1,100,-3
1,100,-1
1,100,-3
1,100,-1
1,100,-3
1,100,-1
1,100,-1
0,100,-3
0,100,0
0,100,-3
1,100,0
0,100,-2
1,100,0
0,100,-2
1,100,1
0,100,-2
1,100,-1
0,100,-2
1,100,1
1,100,-2
1,100,1
1,100,-2
0,100,0
1,100,-2
0,100,-2
0,100,1
0,100,-1
0,100,1
0,100,1
0,100,-1
0,100,-4
0,100,-2
-1,100,-4
0,100,-2
-1,100,-3
0,100,-3
0,100,0
-1,100,-2
0,100,-1
0,100,1
0,100,4
-1,100,1
-1,100,-1
0,100,2
0,100,3
0,100,0
-1,100,-1
-1,100,0
-1,100,-4
-1,100,-7
-2,100,-8
-1,100,-10
0,100,-8
1,100,-10
0,100,-13
-3,99,-14
-1,99,-16
2,99,-16
0,99,-15
2,99,-17
0,99,-19
1,98,-21
1,99,-19
1,98,-22
1,99,-19
0,98,-22
4,98,-21
0,98,-22
1,99,-18
1,99,-14
2,100,-11
1,100,-6
1,100,-2
1,100,2
1,100,6
1,100,9
1,100,14
1,99,18
1,98,22
2,97,27
2,96,31
3,94,37
4,92,41
4,90,45
5,88,49
5,86,52
6,83,57
6,80,60
7,78,64
8,75,67
9,73,69
10,71,71
11,69,73
11,67,74
12,66,75
12,66,76
12,64,77
12,63,77
13,62,78
13,61,79
14,60,79
14,60,79
15,60,80
12,64,77
11,67,75
10,70,72
8,74,68
7,77,65
7,80,61
5,83,57
5,85,53
3,88,50
3,89,46
2,92,42
2,93,37
1,95,33
1,96,29
1,98,24
2,99,20
2,99,15
2,100,10
1,100,6
1,100,2
1,100,-1
1,100,-4
1,100,-7
0,100,-9
-1,100,-10
-1,100,-11
-2,100,-13
-3,99,-13
-4,99,-14
-4,99,-15
-5,99,-15
-7,99,-16
-9,99,-17
-10,98,-19
-14,98,-17
-12,99,-15
-12,98,-18
-10,98,-21
-10,98,-19
-7,99,-17
1,99,-18
9,98,-20
13,98,-17
18,98,-13
21,98,-11
27,96,-10
27,96,-10
31,95,-11
32,95,-7
34,94,-10
34,95,-7
33,94,-10
31,95,-9
32,95,-6
33,95,-10
32,95,-9
32,94,-13
34,93,-18
36,91,-23
39,88,-28
41,86,-33
43,83,-37
45,80,-41
46,77,-45
47,74,-48
49,71,-51
50,68,-54
51,65,-57
52,60,-61
53,57,-63
54,53,-66
55,49,-68
55,45,-70
56,40,-73
57,34,-75
57,28,-77
57,21,-80
56,12,-82
54,5,-84
52,-1,-85
49,-6,-87
47,-10,-87
45,-12,-88
44,-14,-88
43,-15,-89
42,-16,-89
42,-16,-89
41,-16,-89
42,-14,-89
41,-16,-89
40,-16,-90
39,-18,-90
46,-6,-88
50,2,-86
52,12,-84
53,23,-81
52,33,-79
51,40,-76
48,48,-73
46,55,-70
42,62,-67
40,66,-64
38,69,-62
35,74,-58
33,77,-55
31,80,-52
29,83,-48
27,85,-45
26,88,-41
25,90,-38
23,92,-34
22,93,-30
22,94,-27
20,96,-23
19,97,-20
16,98,-14
12,100,-7
9,100,-1
8,100,2
8,100,5
8,100,9
8,100,11
9,99,13
11,99,15
12,99,15
13,98,17
16,98,17
19,97,17
22,97,17
26,96,16
27,95,17
28,95,18
28,95,20
28,94,22
30,93,23
33,93,20
37,92,19
38,92,14
37,93,11
37,93,8
36,94,5
35,94,2
34,95,0
34,95,-3
33,95,-4
34,95,-4
34,95,-1
37,93,-3
41,92,0
47,89,-1
53,86,-3
58,82,-6
62,79,-2
67,76,1
70,72,5
73,69,8
74,68,11
74,67,14
74,66,17
74,65,20
73,66,19
77,62,22
81,55,23
83,54,20
83,54,17
84,53,14
84,54,12
83,55,15
82,57,13
83,56,13
82,57,14
84,55,11
85,53,6
87,51,0
88,49,-4
89,46,-9
90,43,-14
91,39,-19
91,36,-24
91,33,-28
90,31,-32
90,29,-35
89,26,-39
88,24,-42
87,19,-45
86,15,-49
85,9,-53
82,0,-57
79,-7,-61
75,-15,-64
71,-21,-67
66,-28,-69
60,-34,-72
52,-41,-74
44,-47,-76
35,-51,-78
25,-54,-80
18,-55,-81
11,-55,-82
8,-55,-83
1,-54,-83
-3,-53,-84
-5,-52,-85
-3,-52,-85
3,-52,-84
10,-52,-84
18,-51,-84
24,-47,-84
32,-42,-84
46,-30,-83
53,-22,-82
59,-12,-80
62,-4,-78
64,8,-77
64,18,-75
64,28,-72
64,32,-70
65,34,-68
63,41,-66
61,48,-64
59,53,-61
57,59,-58
54,65,-54
50,72,-49
46,78,-44
44,81,-41
41,84,-36
38,87,-32
36,90,-28
34,92,-24
32,94,-18
29,95,-13
27,97,-8
24,98,-2
21,98,3
18,99,8
16,99,12
13,98,17
12,98,20
11,97,23
11,97,25
11,96,27
11,96,29
15,95,29
19,95,29
26,93,28
29,92,29
32,91,30
34,89,32
37,88,33
41,86,34
47,83,33
51,81,33
55,80,28
58,79,24
61,78,19
62,78,15
62,78,12
63,78,9
62,79,6
61,80,3
59,82,1
54,85,-2
48,89,-5
40,92,-8
33,94,-10
27,96,-13
22,97,-15
18,98,-13
16,98,-16
18,97,-19
17,98,-16
20,97,-17
22,96,-19
20,97,-16
23,96,-18
22,97,-16
19,97,-16
18,98,-14
20,97,-16
20,98,-14
20,97,-18
21,96,-21
22,95,-24
21,95,-26
20,94,-28
17,96,-25
17,97,-21
17,98,-15
16,99,-9
16,99,-3
16,99,2
15,99,8
15,99,14
15,97,21
15,96,28
15,94,33
14,92,38
14,90,43
14,88,46
13,86,50
13,84,54
13,82,56
13,81,58
13,80,60
13,79,61
15,78,62
16,77,63
17,76,64
19,76,64
20,75,64
21,75,64
22,74,65
23,74,65
25,73,64
26,73,65
24,76,61
23,80,57
21,83,54
20,85,51
19,87,47
18,90,41
16,93,35
16,95,28
16,97,22
16,98,17
17,99,11
17,99,5
19,99,-1
19,99,-5
19,98,-8
19,98,-11
19,98,-13
18,98,-15
16,98,-13
13,99,-13
12,99,-13
11,99,-14
10,99,-14
9,99,-14
8,99,-14
4,99,-13
4,99,-17
3,99,-19
2,98,-21
2,97,-24
5,97,-25
3,97,-27
-2,97,-24
-5,98,-21
-6,99,-17
-7,99,-13
-7,100,-10
-5,100,-8
-5,100,-5
-4,100,-3
-4,100,-7
-4,100,-10
-6,100,-8
-6,100,-5
-6,100,-1
-6,100,-4
-6,100,-1
-6,100,2
-6,100,-1
-6,100,1
-6,100,4
-6,100,1
-6,100,-1
-6,100,1
-6,100,1
-6,100,0
-6,100,-1
1,100,0
1,100,-2
1,100,0
0,100,3
0,100,0
0,100,-2
0,100,1
0,100,3
0,100,1
0,100,2
0,100,-1
0,100,-3
0,100,-1
0,100,2
0,100,-1
0,100,0
0,100,0
0,100,2
0,100,0
0,100,0
0,100,1
0,100,0
0,100,2
0,100,-1
0,100,2
0,100,0
0,100,2
0,100,0
0,100,2
0,100,0
0,100,2
0,100,0
0,100,1
0,100,0
0,100,3
0,100,0
0,100,3
0,100,0
1,100,3
1,100,0
1,100,2
1,100,0
1,100,2
1,100,0
1,100,2
1,100,0
1,100,3
1,100,0
1,100,3
1,100,0
1,100,3
1,100,0
1,100,0
1,100,0
1,100,2
1,100,0
1,100,1
1,100,0
1,100,2
1,100,0
1,100,0
1,100,0
1,100,2
1,100,2
1,100,0
1,100,-2
1,100,1
1,100,4
1,100,1
1,100,3
1,100,0
1,100,-2
1,100,1
1,100,4
1,100,1
1,100,4
1,100,1
1,100,1
1,100,1
1,100,-1
1,100,1
1,100,3
1,100,1
1,100,1
1,100,0
1,100,-2
1,100,1
1,100,-2
1,100,1
1,100,2
1,100,1
1,100,-1
1,100,1
1,100,0
1,100,2
2,100,3
2,100,0
2,100,-2
2,100,1
2,100,4
2,100,1
2,100,4
2,100,1
2,100,-2
2,100,1
2,100,3
2,100,1
2,100,2
2,100,1
2,100,-2
2,100,1
2,100,4
2,100,1
2,100,3
2,100,1
2,100,-2
2,100,1
2,100,4
2,100,1
2,100,-1
2,100,1
2,100,4
2,100,1
2,100,2
2,100,1
2,100,-2
2,100,1
2,100,3
2,100,1
2,100,-1
2,100,1
2,100,3
2,100,1
2,100,3
2,100,1
2,100,1
2,100,0
2,100,2
2,100,1
3,100,3
2,100,1
3,100,3
3,100,0
3,100,2
2,100,1
3,100,3
3,100,1
3,100,2
3,100,0
3,100,2
3,100,1
3,100,1
3,100,1
3,100,0
3,100,2
3,100,0
3,100,2
3,100,-1
5,100,-2
7,100,2
8,100,4
9,100,1
9,100,-3
7,100,-4
6,100,0
7,100,3
9,100,3
12,100,0
16,99,1
21,98,2
24,98,-2
27,97,-4
30,96,0
31,96,3
32,95,6
32,95,7
31,96,4
31,96,1
32,95,4
31,95,8
31,96,5
33,95,4
37,94,2
41,92,2
46,90,2
49,88,5
53,85,8
55,84,9
58,82,9
61,80,9
64,77,11
63,77,13
64,77,10
64,78,7
63,78,4
63,78,6
62,79,9
60,81,8
59,81,8
57,82,7
56,83,10
57,83,8
57,83,10
56,83,12
55,84,9
53,85,7
51,86,10
51,87,7
50,87,3
49,88,0
48,88,-3
48,88,-6
47,89,-3
47,89,0
47,89,3
48,89,0
47,89,3
48,89,0
48,89,3
48,89,1
48,89,3
48,89,0
48,89,3
48,89,0
48,89,3
48,89,0
48,89,3
48,89,0
48,89,3
48,89,0
48,89,3
48,89,0
48,89,2
48,89,0
48,89,2
48,88,1
48,88,-1
48,88,1
48,89,1
48,88,4
48,88,1
48,88,1
48,88,0
48,88,3
48,88,1
48,88,3
48,88,0
48,88,3
48,88,0
48,88,3
48,88,0
48,88,3
48,88,0
48,88,3
48,88,1
49,88,3
49,88,0
49,88,1
48,88,2
49,88,4
49,88,1
49,88,-2
49,88,1
49,88,-2
49,88,1
49,88,1
49,88,1
49,88,0
49,88,1
49,88,2
49,88,1
49,88,3
49,88,1
49,88,4
49,88,1
49,88,0
49,88,0
49,88,3
49,88,1
49,88,3
49,88,1
49,88,-1
49,88,-1
49,88,0
49,88,3
49,88,2
49,88,3
49,88,0
49,88,-1
49,88,1
49,88,-1
49,88,2
49,88,0
49,88,-1
49,88,2
49,88,3
49,88,2
49,88,1
48,88,-1
48,88,-1
48,88,1
48,88,4
48,88,1
48,88,4
48,88,1
48,88,3
48,88,1
48,88,2
48,88,1
48,88,-2
48,88,1
48,88,0
48,88,2
48,88,-1
48,88,2
48,88,-1
48,88,0
48,88,1
48,88,3
48,88,3
48,88,0
48,88,0
48,88,1
48,88,4
48,88,1
48,88,2
48,88,1
48,88,-2
48,88,0
48,88,2
48,88,1
48,88,4
48,88,1
48,88,0
48,88,2
48,88,1
48,88,1
48,88,-2
48,88,1
48,88,2
48,88,2
48,88,0
48,88,2
48,88,1
48,88,1
48,88,0
48,88,2
48,88,1
48,88,1
48,88,-1
48,88,1
48,88,1
48,88,2
49,88,1
48,88,2
48,88,0
49,88,0
49,88,0
48,88,2
49,88,2
49,88,2
49,88,0
49,88,2
49,88,2
49,88,3
49,88,0
49,88,-2
49,88,0
49,88,3
49,88,0
49,88,3
49,88,0
49,88,2
49,88,1
49,88,3
49,88,1
49,88,-2
49,88,1
49,88,3
49,88,1
49,88,-1
49,88,1
49,88,2
49,88,1
49,88,1
49,88,0
49,88,3
49,88,1
49,88,3
49,88,0
49,88,1
49,88,1
49,88,1
49,88,1
49,88,0
49,88,2
49,88,1
49,88,1
49,88,0
49,88,3
49,88,0
49,88,2
49,88,0
49,88,2
49,88,2
49,88,1
49,88,0
49,88,1
49,88,1
49,88,3
49,88,1
49,88,0
49,88,0
49,88,0
49,88,2
49,88,5
49,88,2
49,88,-1
49,88,2
49,88,-1
49,88,2
50,87,4
50,88,1
50,88,-1
50,88,1
50,88,-1
50,88,2
49,88,4
50,88,1
50,88,-2
50,88,1
50,88,-1
50,88,2
50,88,5
50,88,2
50,88,-1
50,88,2
50,88,-1
50,88,2
50,88,-1
50,87,1
50,87,-2
50,87,1
50,87,4
50,87,1
50,87,-1
50,87,1
50,87,2
50,87,3
50,87,2
50,87,-1
50,87,1
50,87,2
50,87,5
50,87,2
50,87,-1
50,87,2
50,87,-1
50,87,2
50,87,-1
50,87,2
50,87,-1
50,87,2
50,87,2
50,87,1
50,87,4
50,87,1
50,87,4
51,87,7
49,88,9
48,88,6
47,89,3
47,89,0
47,89,3
47,89,2
47,89,2
47,89,3
48,88,1
49,88,4
49,88,7
49,87,9
49,88,6
49,88,3
49,88,0
49,88,3
50,88,4
49,88,2
49,88,-1
49,88,2
49,88,-1
49,88,2
49,88,-1
49,88,1
49,88,1
49,88,2
49,88,1
49,88,-1
49,88,2
49,88,-1
49,88,2
49,88,0
49,88,1
49,88,0
49,88,1
49,88,3
49,88,1
49,88,1
49,88,0
49,88,2
49,88,1
49,88,2
49,88,0
49,88,2
49,88,0
49,88,3
49,88,0
49,88,3
49,88,0
49,88,3
49,88,0
50,88,-2
50,88,1
50,88,3
50,88,0
50,88,-3
50,88,0
50,88,-2
50,88,1
50,88,3
50,87,1
50,87,1
50,87,0
50,87,-3
50,87,0
50,87,4
50,87,1
50,87,4
50,87,1
50,87,-2
50,87,1
50,87,4
50,87,1
50,87,-2
50,87,-1
50,87,-1
50,87,2
50,87,4
50,87,2
50,87,-1
50,87,2
50,87,-1
50,87,2
50,87,2
50,87,0
50,87,2
50,87,0
50,87,3
50,87,2
50,87,1
50,87,3
50,87,2
50,87,5
50,87,2
50,87,5
50,87,2
50,87,4
50,87,2
50,87,4
50,87,1
50,87,4
50,87,2
51,87,4
50,87,1
51,87,3
50,87,1
50,87,1
50,87,0
51,87,3
50,87,1
51,87,3
51,87,0
51,87,3
51,87,0
50,87,-2
51,87,1
51,87,4
51,87,1
51,87,-2
51,87,1
51,87,3
51,87,1
51,87,-2
51,87,0
51,87,0
51,87,3
51,87,0
51,87,-2
51,87,-1
51,87,2
51,87,3
51,87,1
51,87,-2
51,87,-2
51,87,0
51,87,3
51,87,0
51,87,0
51,87,-1
51,87,3
51,87,0
51,87,2
51,87,0
51,87,3
51,87,0
51,87,3
51,87,0
51,87,3
51,87,0
51,87,3
51,87,1
51,87,4
51,87,1
51,87,3
51,87,1
51,87,3
51,87,1
51,87,2
51,87,2
51,87,4
51,87,2
51,87,0
51,87,1
51,87,2
52,86,2
51,87,2
51,87,1
52,86,-2
51,87,1
52,86,3
51,87,4
51,87,1
51,87,4
51,87,1
52,86,2
51,87,1
51,87,-2
51,87,1
51,87,-2
51,87,1
51,87,-1
51,87,1
51,87,-1
52,86,1
52,86,0
52,86,1
52,86,0
52,86,1
52,86,-1
52,86,2
52,86,0
52,86,1
52,86,0
52,86,1
52,86,0
52,86,1
52,86,-1
52,86,1
52,86,0
52,86,1
52,86,-1
52,86,2
52,86,0
52,86,2
52,86,0
52,86,1
52,86,2
52,86,1
52,86,1
52,86,0
52,86,1
52,86,2
52,86,1
52,86,0
52,86,0
52,86,2
52,86,2
52,86,2
52,86,0
52,86,-2
52,86,1
52,86,4
52,86,1
52,86,0
52,86,1
52,86,2
52,86,1
52,86,3
52,86,1
52,86,2
52,86,1
53,86,2
52,86,1
53,86,2
52,86,1
52,86,-1
52,86,2
52,86,-1
52,86,2
52,86,5
52,86,2
52,86,-1
52,86,1
52,86,0
52,86,2
52,86,1
52,86,1
52,86,0
52,86,1
53,86,3
52,86,1
52,86,2
52,86,0
52,86,1
52,86,0
52,86,2
52,86,1
52,86,3
52,86,1
52,86,-1
52,86,1
53,86,2
52,86,2
52,86,-1
52,86,1
52,86,-2
52,86,1
52,86,2
52,86,1
52,86,0
52,86,0
52,86,3
52,86,1
52,86,3
52,86,1
52,86,-2
52,86,1
52,86,4
52,86,1
52,86,4
53,86,1
53,86,-2
53,86,1
52,86,3
53,86,1
52,86,1
53,86,0
53,86,3
53,86,0
53,86,3
53,86,0
53,86,3
53,86,0
53,86,3
53,86,0
53,86,3
53,86,0
53,86,-3
53,86,0
53,86,3
53,86,0
53,86,-2
53,86,0
53,86,3
53,86,0
53,86,3
53,86,0
53,86,3
53,86,0
53,86,3
53,86,1
53,86,3
53,86,1
53,86,4
53,86,1
53,86,4
53,86,1
53,86,-2
53,86,1
53,86,4
53,86,1
53,86,-2
53,86,1
53,86,4
53,86,1
53,85,3
53,86,0
53,85,-1
53,85,1
53,85,3
53,85,0
53,85,2
53,85,0
54,85,0
53,85,-1
53,85,2
53,85,-1
53,85,2
53,85,-1
53,85,2
53,85,-1
54,85,2
54,85,0
53,85,1
54,85,-2
54,85,1
54,85,-1
54,85,2
54,85,-1
54,85,2
54,85,-1
54,85,2
54,85,0
54,85,2
54,85,0
54,85,0
54,85,1
54,85,1
54,85,0
54,85,-1
54,85,1
54,85,3
54,85,0
54,85,2
54,85,1
54,85,4
54,85,1
54,85,3
54,85,1
54,85,3
54,85,0
54,85,-1
54,85,0
54,85,3
54,85,0
54,85,3
54,85,0
54,85,-3
54,85,0
54,85,3
54,85,0
54,85,-3
54,85,-1
54,85,3
54,85,5
54,85,2
54,85,-1
54,85,3
54,85,0
54,85,3
54,85,0
54,85,2
54,85,0
54,85,3
54,85,1
54,85,3
54,85,0
54,85,2
54,85,0
54,85,3
54,85,0
54,85,2
54,85,-1
54,85,2
55,85,-1
55,85,2
55,85,-1
54,85,1
54,85,1
55,85,2
54,85,1
54,85,0
55,85,1
55,85,0
55,85,1
55,85,-1
55,85,1
55,85,0
55,85,1
55,84,1
55,84,-2
55,84,1
55,84,1
55,84,2
55,84,0
55,84,0
55,84,-1
55,84,1
55,84,3
55,84,1
55,84,-2
55,84,1
55,84,2
55,84,1
55,84,-1
55,84,1
55,84,2
55,84,1
55,84,-1
55,84,1
55,84,-2
55,84,1
55,84,0
55,84,2
55,84,-1
55,84,1
55,84,-1
55,84,2
55,84,-1
55,84,2
55,84,-1
55,84,2
55,84,-1
55,84,2
55,84,0
55,84,2
55,84,-1
55,84,2
55,84,-1
55,84,2
55,84,-1
55,84,2
55,84,-1
55,84,2
55,84,0
55,84,2
55,84,-1
55,84,2
55,84,-1
55,84,2
55,84,0
55,84,3
55,84,0
55,84,3
55,84,0
56,84,3
56,84,0
56,84,3
56,84,0
56,84,3
56,84,0
56,84,3
56,84,0
56,84,2
56,84,0
56,84,3
56,84,0
56,84,-1
56,84,1
56,84,4
56,84,1
56,84,-1
56,84,0
56,84,-1
56,84,2
56,84,0
56,84,1
56,84,1
56,84,1
56,84,1
56,84,0
56,84,0
56,84,1
56,84,1
56,84,1
56,84,-1
56,84,0
56,84,0
56,84,1
56,84,1
56,84,1
56,84,1
56,84,1
56,84,3
56,84,2
56,84,4
56,84,1
56,84,-2
56,84,1
56,84,3
56,84,2
56,84,-1
56,84,-1
56,84,-1
56,84,2
56,84,5
56,84,2
56,84,-1
56,84,-3
56,84,0
56,84,3
56,84,1
56,84,0
56,84,-3
56,84,0
56,84,3
56,84,1
56,84,4
56,84,0
56,84,-1
56,84,1
56,84,1
56,84,0
56,84,-1
56,84,0
56,84,-3
56,84,1
56,84,3
56,84,0
56,84,-3
56,84,0
56,84,3
56,84,0
56,84,3
56,84,0
56,84,-1
56,84,0
56,84,2
56,84,1
56,84,-1
56,84,-1
56,84,1
56,84,4
56,84,1
56,84,-1
56,84,1
56,84,-2
56,84,1
56,83,0
56,84,2
56,83,0
56,83,0
56,84,-1
56,83,2
56,83,1
56,83,0
57,83,-1
57,83,0
57,83,3
57,83,0
57,83,3
57,83,0
56,83,-3
57,83,0
57,83,3
57,83,0
57,83,3
57,83,0
57,83,-2
57,83,0
57,83,3
57,83,0
57,83,3
57,83,0
57,83,-3
57,83,0
57,83,3
57,83,0
57,83,2
57,83,0
57,83,3
57,83,1
57,83,4
57,83,1
57,83,1
57,83,0
57,83,-2
57,83,0
57,83,3
57,83,0
57,83,-3
57,83,0
57,83,3
57,83,0
57,83,3
57,83,0
57,83,-3
57,83,0
57,83,3
57,83,0
57,83,1
57,83,0
57,83,2
57,83,0
57,83,3
57,83,0
58,83,0
57,83,0
57,83,3
57,83,0
57,83,2
58,83,0
58,83,-1
58,83,0
58,83,-3
58,83,0
58,83,2
58,82,1
58,82,-1
58,83,-1
58,82,0
58,82,1
58,83,1
58,82,1
58,83,2
58,82,0
58,82,-2
58,82,1
58,83,3
58,82,2
58,82,0
57,83,-3
58,83,0
58,83,3
58,82,2
58,83,4
58,83,1
58,83,-2
58,83,1
58,83,4
58,83,1
58,83,-1
58,83,1
58,83,4
58,83,1
58,83,-2
58,83,1
58,83,0
58,83,3
57,83,4
57,83,2
58,83,-1
57,83,0
57,83,3
57,83,0
57,83,1
57,83,-1
57,83,1
57,83,4
57,83,1
57,83,-2
57,83,1
57,83,2
57,83,1
57,83,-1
57,83,1
57,83,-1
57,83,2
57,83,-1
57,83,1
57,83,0
58,83,1
57,83,-1
58,83,1
58,83,-1
58,83,2
58,83,0
58,83,1
58,83,-1
58,83,1
58,83,0
58,83,2
58,83,0
58,83,1
58,83,-1
57,83,-1
57,83,1
57,83,4
57,83,1
57,83,-2
57,83,0
57,83,1
57,83,2
57,83,1
57,83,0
57,83,2
57,83,0
57,83,3
57,83,0
57,83,-3
58,83,0
57,83,3
57,83,1
58,83,2
58,83,-1
57,83,-3
58,83,0
58,83,2
58,83,-1
58,83,2
58,83,-1
58,83,2
57,83,2
58,83,2
58,83,-1
57,83,-1
58,83,1
58,83,4
57,83,1
57,83,-1
58,83,1
58,83,0
57,83,3
57,83,0
57,83,0
58,83,-1
58,83,1
57,83,3
57,83,1
57,83,-2
57,83,1
57,83,-1
58,83,0
58,83,-2
58,83,1
58,82,3
58,83,0
58,82,-1
58,82,1
58,82,4
58,82,1
58,82,-2
58,82,1
58,82,0
58,82,1
58,82,1
58,82,1
58,82,4
58,82,1
58,82,-1
58,82,2
58,82,0
58,82,2
58,82,-1
58,82,-1
58,82,-1
58,82,2
58,82,5
58,82,2
58,82,-1
58,82,1
58,82,3
58,82,4
58,82,1
58,82,-2
58,82,1
58,82,-1
58,82,2
58,82,4
58,82,1
58,82,-2
58,82,1
58,82,-2
58,82,1
58,82,3
58,82,1
58,82,-2
58,82,1
58,82,4
58,82,1
58,82,-2
58,82,1
58,82,-1
58,82,1
58,82,-1
58,82,2
58,82,-1
58,82,2
58,82,-1
58,82,2
58,82,4
58,82,2
58,82,-1
59,82,-2
58,82,0
58,82,3
58,82,0
58,82,-3
58,82,0
58,82,3
59,82,1
58,82,4
58,82,1
58,82,2
58,82,1
58,82,3
58,82,3
58,82,5
58,82,2
58,82,-1
58,82,2
58,82,-1
58,82,2
58,82,3
58,82,1
58,82,-2
58,82,1
58,82,4
58,82,1
58,82,0
58,82,1
58,82,-1
58,82,1
59,82,3
58,82,1
59,82,-2
59,82,1
59,82,-2
59,82,1
59,82,-1
59,82,1
59,82,1
59,82,0
59,82,-1
59,82,0
59,82,1
59,82,1
59,82,2
59,82,1
59,82,-2
59,82,1
59,82,-1
59,82,2
58,82,4
59,82,2
59,82,-1
59,82,2
59,82,1
59,82,3
59,82,0
59,82,0
59,82,0
59,82,3
59,82,3
59,82,2
59,82,0
59,82,2
59,82,0
59,82,3
58,82,4
59,82,2
59,82,-1
59,82,2
59,82,5
59,82,2
59,82,-1
59,82,1
59,82,-1
59,82,2
59,81,3
59,82,1
59,81,-2
59,81,1
59,81,4
60,81,6
60,81,3
60,81,0
60,81,2
60,81,5
60,81,3
60,81,0
60,81,-3
60,81,0
60,81,3
60,81,6
60,81,3
60,81,0
60,80,-3
60,81,0
60,80,3
61,80,0
61,80,-3
61,80,0
61,80,3
61,80,6
61,80,3
61,80,0
61,80,-3
61,80,0
61,80,3
61,80,0
61,80,-3
61,80,0
61,80,3
61,80,5
61,80,2
61,80,-1
61,80,2
61,80,0
61,80,2
61,80,-1
61,80,2
61,80,-1
61,80,3
61,80,0
62,80,2
62,80,-1
62,80,2
62,80,0
62,80,3
62,80,0
62,80,2
62,80,0
62,80,2
62,80,0
62,80,2
61,80,3
62,80,2
62,80,-1
61,80,-2
62,80,1
62,80,4
62,80,1
62,80,2
62,80,0
62,80,3
62,79,2
62,80,3
62,80,0
62,80,-3
62,80,0
62,80,3
61,80,6
62,79,4
62,80,1
62,79,-2
62,80,0
62,80,3
61,80,3
61,80,0
61,80,-3
61,80,-1
61,80,2
61,80,5
61,80,3
61,80,0
61,80,-3
61,80,0
61,80,2
61,80,0
61,80,-3
61,80,0
61,80,3
61,80,1
61,80,1
61,80,-1
61,80,2
61,80,0
61,80,0
61,80,-3
61,80,1
61,80,4
61,80,1
61,80,-1
61,80,1
62,80,2
61,80,2
61,80,-1
62,80,-2
61,80,0
62,80,3
62,80,6
62,80,3
62,80,0
61,80,0
61,80,1
62,80,1
61,80,2
61,80,-1
62,80,2
62,80,1
61,80,3
62,79,6
62,80,3
62,80,0
61,80,-3
62,80,0
62,80,3
62,80,0
61,80,-3
62,80,0
62,80,3
62,79,6
62,80,3
62,80,0
62,80,-3
62,80,0
62,80,3
61,80,2
61,80,0
62,80,-2
62,80,0
61,80,3
62,80,1
62,80,0
62,80,0
62,80,2
62,80,1
62,80,1
62,80,0
62,80,2
62,80,0
62,80,1
62,80,0
62,80,2
62,80,-1
62,80,3
62,80,0
62,80,3
62,80,0
62,79,3
62,80,0
62,80,3
62,80,0
62,80,1
62,80,4
62,80,1
62,80,-2
62,80,0
62,80,1
62,80,3
62,80,1
62,80,-2
62,79,0
62,80,1
62,79,4
62,80,1
62,80,0
62,80,0
62,80,2
62,80,2
62,80,2
62,80,0
62,80,1
62,80,2
62,79,1
62,80,1
62,80,0
62,79,1
62,79,2
62,80,3
62,79,1
62,79,-1
62,79,1
62,80,3
62,79,2
62,79,2
62,79,0
62,79,1
62,79,2
62,79,4
62,79,1
62,79,-1
62,79,1
62,79,4
62,79,1
62,79,0
62,79,0
62,79,1
62,79,2
62,79,5
62,79,2
62,79,2
62,79,0
62,79,-2
62,79,1
62,79,4
62,79,1
62,79,-2
62,79,1
62,79,0
62,79,2
62,79,-1
62,79,0
62,79,0
62,79,2
62,79,0
62,79,-1
62,79,0
62,79,1
62,79,2
62,79,1
62,79,-1
62,79,1
62,79,0
62,79,2
62,79,0
62,79,1
62,79,-1
62,79,1
62,79,0
62,79,1
62,79,-1
62,79,1
62,79,1
62,79,2
62,79,-1
62,79,2
62,79,-1
62,79,2
62,79,4
62,79,2
62,79,-1
62,79,2
62,79,-1
63,79,2
63,79,5
63,79,2
63,79,-1
63,79,2
63,79,-1
63,79,2
63,79,-1
63,79,2
63,79,-1
63,79,2
63,79,-1
63,79,2
63,79,-1
63,79,2
63,79,5
63,79,2
63,79,-1
63,79,2
63,79,-1
63,79,2
63,79,-1
63,79,1
63,79,-2
63,79,1
63,79,3
63,79,0
63,78,-2
63,79,0
63,78,3
63,79,0
63,79,-2
63,79,0
63,79,0
63,79,1
63,79,0
63,78,0
63,79,-2
63,78,0
63,78,0
63,78,2
63,78,0
63,78,1
63,78,-1
63,78,2
63,78,0
63,78,2
63,78,0
63,78,-1
63,78,0
63,78,1
63,78,1
63,78,-1
63,78,1
63,78,-1
63,78,1
63,78,-2
63,78,1
63,78,4
63,78,2
63,79,3
63,78,2
63,78,5
63,78,2
63,79,0
63,78,2
63,78,5
63,78,2
63,78,-1
63,78,2
63,78,0
63,78,2
63,78,5
63,78,2
63,78,4
63,78,2
63,78,2
63,78,1
63,78,1
63,78,2
63,78,4
63,78,2
63,78,0
63,78,1
63,78,-2
63,78,1
63,78,4
63,78,1
63,78,-2
64,78,1
63,78,0
63,78,2
64,78,0
64,78,0
64,78,0
64,78,0
64,78,1
64,78,0
64,78,2
64,78,0
64,78,2
64,78,0
64,78,1
64,78,-1
64,78,2
64,78,-1
64,78,2
64,78,-1
64,78,2
64,78,-1
64,78,2
64,78,-1
64,78,2
64,78,-1
64,78,2
64,78,-1
64,78,2
64,78,-1
64,78,2
64,78,-1
64,78,2
64,78,4
64,78,3
64,78,0
64,78,3
64,78,0
64,78,3
64,78,6
64,78,3
64,78,0
64,78,3
64,78,6
64,78,3
64,78,0
64,78,3
64,78,0
64,78,3
64,78,0
64,78,2
64,78,-1
64,78,1
64,78,1
64,78,3
64,78,0
64,78,3
64,78,0
64,78,3
64,78,1
64,78,3
64,78,0
64,78,3
64,78,0
64,78,3
64,78,0
64,78,3
64,78,0
64,78,-3
64,78,0
64,78,3
64,78,0
64,78,3
64,78,0
64,78,1
64,78,-1
64,78,2
64,77,2
64,77,-1
65,77,1
65,77,0
65,77,2
65,77,-1
65,77,2
65,77,-1
65,77,2
65,77,-1
64,77,-3
64,77,0
64,77,2
64,78,0
64,78,-1
64,78,2
64,78,0
64,78,0
64,78,0
64,78,2
64,78,0
64,78,2
64,78,0
64,77,2
64,77,0
64,77,2
64,78,2
64,77,2
64,77,0
64,77,-2
64,78,-1
64,78,2
65,77,5
64,77,2
64,77,-1
64,77,1
64,77,0
64,77,3
65,77,0
65,77,2
65,77,0
65,77,3
65,77,0
65,77,1
65,77,-1
65,77,2
65,77,0
65,77,2
64,77,2
65,77,0
65,77,3
65,77,0
65,77,3
65,77,0
65,77,0
65,77,0
65,77,1
65,77,1
65,77,2
65,77,0
65,77,1
65,77,0
65,77,1
65,77,0
65,77,2
65,77,0
65,77,1
65,77,-1
65,77,2
65,77,0
65,77,2
65,77,0
65,77,0
65,77,0
65,77,1
65,77,1
65,77,0
65,77,1
65,77,1
65,77,1
65,77,0
65,77,2
65,77,0
65,77,2
65,77,1
65,77,3
65,77,0
65,77,2
65,77,0
65,77,3
65,77,0
65,77,3
65,77,0
65,77,-2
65,77,1
65,77,1
65,77,1
65,77,3
65,77,1
65,77,-2
65,77,1
65,77,4
65,77,1
65,77,1
65,77,0
65,77,3
65,77,1
65,77,1
65,77,0
65,77,2
65,77,1
65,77,3
65,77,1
65,77,2
65,77,0
65,77,2
65,77,1
65,77,0
65,77,1
66,76,3
66,76,0
66,76,3
66,76,1
65,76,4
66,76,2
65,77,2
66,76,2
65,77,3
66,76,2
66,76,1
66,76,2
66,76,-1
66,76,1
66,76,0
66,76,2
66,76,-1
66,76,2
66,76,-1
66,76,2
66,76,0
66,76,2
66,76,0
66,76,2
66,76,-1
66,76,2
66,76,0
66,76,2
66,76,0
66,76,1
66,76,-1
66,76,2
66,76,-1
66,76,1
66,76,-1
66,76,1
66,76,0
66,76,2
66,76,0
66,76,2
66,76,0
66,76,2
66,76,1
66,76,2
66,76,-1
66,76,2
66,76,0
66,76,2
66,76,4
66,76,2
66,76,-1
66,76,2
66,76,5
66,76,2
66,76,-1
66,76,2
66,76,-1
66,76,2
67,76,0
66,76,1
66,76,-1
67,76,2
67,75,2
67,76,2
67,76,1
67,76,2
67,75,2
67,76,3
67,76,0
67,75,-1
67,76,-1
67,75,2
67,76,0
67,75,2
67,75,0
67,75,1
67,76,1
67,75,2
67,75,0
67,75,1
67,75,-1
67,75,2
67,75,4
67,75,1
67,75,-2
67,75,1
67,75,3
67,75,1
67,75,-1
67,75,0
67,75,-1
67,75,1
67,75,-1
67,75,1
67,75,-1
67,75,2
67,75,1
67,75,1
67,75,0
67,75,1
67,75,4
67,75,2
67,75,0
67,75,0
67,75,1
67,75,3
67,75,1
67,75,2
67,75,1
67,75,2
67,75,1
67,75,3
67,75,1
67,75,1
67,75,1
67,75,3
67,75,1
67,75,2
67,75,1
67,75,0
67,75,2
67,75,4
68,75,2
68,75,-1
68,75,2
68,75,-1
68,75,2
68,75,-1
69,74,-4
70,72,-1
70,72,2
70,72,5
70,72,2
70,72,4
70,72,4
72,70,5
75,67,7
79,62,5
84,55,2
89,47,-1
93,39,0
95,33,3
97,26,1
99,20,-2
100,12,-4
100,1,-5
100,-12,-6
97,-24,-1
94,-34,5
92,-38,11
90,-41,18
86,-45,24
85,-45,30
85,-44,29
83,-49,27
79,-56,25
76,-59,28
73,-61,30
71,-63,33
68,-65,36
66,-65,39
65,-63,43
59,-67,46
62,-63,48
60,-66,46
59,-68,44
53,-71,46
49,-72,49
48,-70,53
51,-65,56
59,-57,58
59,-59,55
58,-63,52
68,-54,50
66,-59,47
72,-52,48
77,-43,47
80,-38,47
85,-35,41
89,-32,35
91,-31,30
92,-31,25
94,-31,19
94,-33,12
94,-34,5
93,-37,-2
92,-39,-9
90,-42,-16
87,-44,-22
84,-47,-28
80,-50,-34
74,-54,-39
69,-57,-44
62,-61,-49
54,-64,-54
47,-66,-58
40,-67,-62
33,-68,-65
29,-66,-69
26,-63,-72
21,-61,-76
14,-58,-80
8,-54,-83
2,-50,-86
-4,-45,-88
-10,-40,-90
-14,-35,-92
-17,-29,-94
-21,-20,-95
-24,-10,-96
-23,2,-97
-18,12,-97
-7,19,-97
6,18,-98
16,9,-98
17,-2,-98
11,-12,-98
2,-15,-98
-5,-15,-98
-8,-13,-98
13,-10,-98
13,12,-98
-3,20,-98
-21,3,-97
-20,-8,-97
-11,-19,-97
14,-23,-96
27,-17,-94
32,-19,-93
36,-20,-91
42,-21,-88
48,-20,-85
54,-19,-82
60,-20,-78
65,-19,-74
69,-18,-70
73,-19,-65
77,-20,-61
80,-23,-56
82,-25,-51
85,-24,-47
88,-22,-43
90,-20,-39
92,-17,-36
94,-12,-32
96,-5,-28
97,2,-24
98,9,-20
98,15,-15
97,22,-13
96,27,-13
95,30,-9
95,33,-5
94,37,-1
92,41,3
90,44,7
90,45,6
90,44,8
89,46,10
88,48,12
88,48,13
86,52,12
83,56,13
81,59,14
80,61,9
80,61,6
80,61,3
81,60,2
82,59,-1
82,58,1
83,58,2
83,57,1
84,56,-1
85,53,-3
88,48,-2
91,43,1
94,36,4
97,28,8
98,18,11
100,8,8
100,-3,6
100,-13,2
98,-23,-1
95,-33,2
91,-41,5
88,-48,8
86,-51,9
82,-56,7
80,-60,4
77,-63,5
75,-66,3
73,-69,5
70,-71,8
68,-73,5
66,-75,9
63,-77,9
60,-80,7
58,-81,5
54,-84,7
53,-85,7
52,-85,9
51,-85,12
48,-87,12
47,-88,9
47,-87,11
47,-88,8
50,-86,6
54,-84,2
59,-80,-1
64,-77,-4
70,-72,-1
75,-66,1
80,-60,-3
84,-54,-5
88,-47,-2
93,-38,1
96,-29,-2
98,-20,-5
100,-11,-7
100,-1,-4
100,10,-3
98,21,-4
96,30,-7
93,38,-5
90,46,-4
85,53,-2
80,61,0
76,67,-3
71,71,0
67,76,3
61,80,2
56,84,0
50,87,-2
44,90,-4
39,93,-1
35,94,0
29,96,3
23,98,6
16,99,6
9,100,3
2,100,4
-5,100,1
-12,100,-1
-18,99,-4
-22,98,-6
-26,97,-6
-29,96,-5
-34,94,-9
-39,92,-7
-44,90,-7
-48,87,-11
-50,86,-14
-53,83,-17
-53,83,-19
-53,83,-18
-53,83,-17
-58,80,-15
-61,77,-19
-65,73,-21
-70,67,-23
-76,60,-23
-79,55,-26
-80,52,-28
-84,46,-26
-84,45,-28
-87,41,-26
-90,34,-24
-91,30,-26
-91,29,-28
-93,22,-27
-93,21,-29
-95,16,-26
-94,13,-29
-94,7,-31
-95,3,-28
-96,2,-26
-95,6,-27
-96,2,-26
-97,-2,-23
-97,-7,-21
-96,-8,-23
-96,-9,-26
-96,-7,-24
-97,-6,-22
-97,-4,-19
-97,-5,-22
-96,-4,-24
-96,0,-27
-96,1,-24
-97,4,-21
-97,2,-24
-96,3,-26
-96,2,-27
-95,11,-27
-95,16,-24
-95,22,-22
-95,22,-21
-93,26,-24
-91,31,-26
-87,39,-28
-83,50,-25
-78,59,-21
-74,65,-17
-71,69,-14
-65,74,-16
-61,78,-15
-55,83,-12
-46,89,-10
-38,92,-7
-32,95,-4
-28,96,-1
-25,97,-1
-21,98,-3
-15,99,-2
-9,100,1
-4,100,-2
0,100,-4
5,100,-4
10,100,-5
16,99,-7
24,98,-4
32,95,-1
39,93,2
46,90,3
51,87,2
57,83,6
63,78,4
69,74,6
74,68,8
78,63,5
82,58,7
85,54,5
88,49,2
91,43,5
93,37,9
95,32,11
96,26,14
98,22,10
99,18,7
100,13,5
100,7,8
100,3,10
100,-1,13
99,-5,14
100,-8,11
100,-11,8
99,-14,5
99,-17,3
98,-20,0
98,-23,-3
97,-27,-1
95,-31,2
94,-35,1
93,-38,3
92,-41,1
90,-44,-1
89,-47,-2
87,-50,-3
84,-55,-4
81,-59,-1
78,-63,2
75,-66,4
72,-70,1
68,-73,-2
65,-76,-2
60,-79,-5
55,-83,-4
49,-87,-2
44,-90,1
38,-92,0
33,-94,2
28,-96,2
23,-97,0
18,-98,-3
13,-99,-5
7,-99,-2
1,-99,-4
-3,-99,-5
-9,-99,-8
-14,-98,-6
-19,-98,-4
-24,-96,-1
-28,-95,1
-32,-94,-2
-36,-92,-5
-39,-91,-7
-45,-88,-9
-48,-87,-8
-52,-84,-6
-56,-82,-3
-59,-80,0
-62,-78,-3
-65,-75,-5
-69,-71,-4
-72,-69,-4
-75,-66,-1
-77,-62,2
-80,-59,0
-83,-55,-3
-86,-50,-5
-88,-46,-2
-90,-42,1
-91,-39,-1
-93,-36,-3
-94,-32,0
-95,-28,3
-96,-26,6
-96,-25,4
-97,-24,1
-97,-21,-2
-98,-18,1
-98,-16,4
-98,-15,1
-99,-13,-2
-99,-9,-6
-99,-5,-5
-99,-1,-3
-99,2,0
-99,5,-1
-99,7,-4
-99,12,-7
-98,15,-8
-98,18,-7
-97,22,-4
-96,25,-1
-95,29,-4
-94,33,-7
-93,36,-4
-91,41,-7
-89,44,-5
-88,47,-8
-86,51,-5
-83,55,-2
-81,58,-5
-79,61,-3
-76,64,-5
-75,66,-4
-72,69,-3
-70,71,-5
-68,73,-7
-64,76,-9
-63,78,-6
-60,80,-3
-59,81,0
-58,82,-2
-57,82,-5
-54,84,-9
-53,85,-7
-51,86,-4
-50,87,-1
-50,87,2
-49,87,0
-48,88,-3
-47,89,-1
-46,89,-4
-47,89,-1
-47,89,-4
-45,89,-6
-43,90,-8
-42,91,-5
-41,92,-2
-40,92,2
-40,92,6
-40,92,3
-40,92,2
-40,92,0
-39,92,-3
-38,93,-5
-38,93,-3
-36,93,-5
-34,94,-2
-32,95,-1
-31,95,2
-30,96,4
-29,96,4
-28,96,5
-26,97,7
-24,97,8
-24,97,11
-26,96,12
-27,96,9
-27,97,6
-27,96,9
-27,96,12
-27,96,9
-27,96,8
-28,96,10
-29,96,7
-29,96,4
-29,96,1
-29,96,3
-30,96,6
-31,95,2
-31,95,4
-33,95,6
-35,94,5
-36,94,4
-37,93,6
-39,92,4
-41,91,1
-42,91,-2
-41,91,-4
-40,92,-5
-39,92,-2
-37,93,-4
-33,94,-4
-31,96,-1
-29,96,1
-29,96,2
-26,97,-2
-22,98,-1
-18,99,0
-14,99,-1
-9,100,-5
-4,100,-9
4,99,-15
16,97,-22
33,91,-28
50,81,-32
63,70,-35
72,59,-37
78,49,-40
81,42,-43
83,34,-46
85,24,-48
86,13,-51
84,11,-54
83,-1,-56
81,-5,-58
79,-7,-60
78,-9,-62
79,-15,-60
80,-16,-58
81,-21,-55
84,-10,-53
86,2,-51
87,10,-49
87,5,-50
86,5,-51
87,14,-48
87,24,-45
85,26,-46
81,34,-48
79,37,-50
76,44,-48
70,52,-49
68,53,-51
64,59,-49
67,56,-50
65,60,-48
63,63,-45
64,65,-42
61,70,-38
53,77,-37
49,81,-34
53,78,-34
56,76,-35
57,77,-31
57,79,-27
54,80,-29
58,78,-25
56,80,-22
57,81,-19
56,82,-15
57,81,-17
57,82,-14
54,84,-14
52,84,-17
52,84,-19
54,83,-18
54,83,-15
50,86,-13
47,88,-12
43,90,-14
36,93,-12
27,96,-11
16,98,-13
3,100,-13
-10,99,-14
-22,96,-17
-35,92,-19
-44,87,-22
-55,81,-21
-61,76,-25
-66,69,-28
-69,65,-31
-70,63,-33
-73,61,-30
-74,61,-27
-74,62,-24
-76,61,-22
-81,55,-19
-88,44,-16
-94,31,-12
-98,15,-5
-99,0,1
-98,-12,7
-96,-24,11
-92,-35,14
-88,-43,16
-81,-55,18
-70,-68,20
-56,-80,21
-41,-89,19
-31,-93,16
-26,-95,13
-22,-96,14
-19,-96,15
-15,-97,15
-10,-98,15
-8,-98,13
-3,-99,10
1,-99,9
4,-99,11
10,-98,14
16,-97,16
23,-96,13
29,-95,12
35,-93,11
39,-91,9
40,-90,13
41,-90,15
42,-89,18
41,-89,20
44,-88,16
46,-88,13
47,-88,10
48,-87,11
50,-85,13
53,-84,14
56,-82,13
57,-81,15
58,-80,14
61,-79,11
62,-78,8
62,-78,5
62,-78,3
63,-77,6
66,-75,4
67,-74,1
68,-73,-1
69,-73,2
69,-72,5
71,-70,7
73,-69,5
74,-68,2
74,-67,1
75,-66,1
76,-65,4
77,-64,6
78,-62,6
79,-62,3
79,-62,1
78,-62,-2
78,-63,1
78,-63,4
78,-63,5
78,-63,8
78,-62,5
78,-62,5
79,-62,4
80,-60,5
80,-59,6
82,-58,3
82,-57,2
83,-56,-1
84,-55,2
85,-54,3
85,-53,6
86,-51,8
87,-49,11
88,-47,9
89,-45,12
89,-44,15
89,-44,12
90,-42,9
91,-42,6
91,-41,3
92,-40,0
92,-41,-2
92,-41,1
92,-40,4
92,-38,6
93,-36,4
95,-33,1
96,-30,-1
96,-28,1
97,-25,4
98,-21,6
99,-18,4
99,-14,1
100,-11,-3
100,-9,-6
100,-7,-8
100,-7,-5
100,-7,-3
100,-5,-1
100,-3,1
100,-1,-2
100,1,-5
100,0,-8
100,-2,-10
100,0,-9
100,-1,-7
100,0,-10
100,-1,-13
100,-3,-11
100,-2,-9
100,-1,-7
100,-2,-6
100,-2,-9
100,-1,-12
100,-1,-9
100,-2,-7
100,-1,-10
100,1,-11
100,-1,-12
100,1,-12
100,-1,-11
100,0,-9
100,0,-12
100,1,-13
100,0,-11
99,1,-14
99,1,-17
99,2,-14
99,1,-17
99,3,-15
99,1,-17
99,3,-19
98,5,-21
99,3,-19
99,1,-17
99,4,-18
98,4,-21
99,3,-18
99,4,-16
100,4,-13
99,2,-14
99,4,-14
99,3,-17
98,5,-20
98,2,-20
98,6,-21
98,3,-22
98,2,-19
99,5,-17
98,7,-20
98,5,-21
97,7,-24
96,10,-26
97,10,-23
96,14,-25
97,12,-23
98,13,-20
98,10,-19
98,13,-20
98,13,-18
98,12,-20
98,10,-19
98,13,-20
98,11,-18
98,11,-21
98,11,-19
97,13,-21
97,17,-22
96,20,-24
94,23,-26
95,22,-23
94,22,-26
94,20,-28
95,21,-26
96,19,-23
95,21,-26
96,18,-25
95,15,-27
95,18,-26
96,18,-23
96,16,-25
95,20,-24
94,25,-27
94,27,-25
92,28,-28
90,31,-31
90,34,-29
88,39,-28
90,36,-26
91,35,-25
88,39,-28
88,41,-25
89,40,-24
86,46,-25
85,49,-22
81,55,-21
77,61,-24
72,65,-27
66,69,-31
60,73,-34
53,77,-37
51,79,-35
48,79,-39
37,84,-40
32,85,-43
21,86,-46
7,88,-48
-6,87,-50
-18,84,-52
-32,79,-52
-36,79,-50
-37,80,-48
-47,75,-46
-54,69,-48
-58,64,-50
-68,53,-50
-72,50,-47
-74,46,-49
-76,39,-51
-78,31,-53
-80,24,-54
-82,18,-53
-84,18,-51
-85,15,-49
-83,23,-50
-83,26,-48
-83,22,-50
-82,21,-52
-82,25,-50
-82,29,-49
-79,35,-50
-76,38,-51
-75,39,-53
-77,32,-54
-75,40,-52
-75,43,-50
-71,51,-49
-67,54,-50
-69,50,-52
-64,55,-53
-60,61,-51
-64,57,-51
-67,52,-52
-62,56,-55
-53,64,-55
-43,71,-55
-47,69,-54
-53,65,-53
-56,61,-55
-63,54,-55
-67,52,-53
-72,46,-51
-75,40,-52
-78,31,-53
-79,24,-55
-76,30,-57
-71,37,-59
-63,48,-61
-51,58,-63
-36,67,-64
-20,75,-63
-5,79,-61
5,81,-59
7,82,-58
18,79,-59
20,80,-56
16,80,-58
17,78,-60
7,79,-60
3,81,-58
3,83,-55
2,85,-53
-4,87,-50
-6,88,-48
-2,90,-45
5,90,-43
3,90,-45
-3,89,-46
-9,88,-48
-15,86,-48
-22,85,-49
-14,87,-48
-10,86,-50
-9,85,-52
-4,84,-54
4,86,-51
9,87,-49
6,89,-45
4,91,-42
2,92,-39
-5,93,-36
-11,92,-38
-15,91,-39
-19,91,-36
-23,92,-33
-25,93,-29
-31,92,-26
-38,89,-26
-41,87,-28
-34,90,-28
-27,93,-26
-22,95,-22
-19,97,-18
-20,97,-14
-20,98,-10
-22,97,-10
-21,98,-7
-22,98,-2
-23,98,2
-25,97,5
-25,97,6
-25,97,5
-23,97,6
-22,98,6
-20,98,8
-18,98,11
-15,99,12
-14,99,9
-12,99,13
-11,99,16
-7,99,14
-8,99,17
-8,99,16
-11,99,15
-13,98,18
-16,98,17
-19,97,17
-20,97,16
-23,96,16
-23,96,19
-19,97,19
-16,97,22
-18,96,23
-20,95,25
-18,95,28
-23,94,28
-24,94,26
-19,96,25
-20,96,22
-17,97,21
-14,97,22
-19,96,22
-16,97,22
-20,96,22
-17,97,21
-13,98,20
-10,98,22
-13,97,23
-8,97,25
-9,98,22
-11,97,24
-15,96,25
-19,95,27
-15,96,25
-11,97,25
-15,96,25
-10,97,26
-10,97,23
-13,97,25
-9,97,23
-12,97,25
-8,97,27
-12,97,25
-14,97,23
-11,97,25
-15,96,24
-11,97,25
-15,96,26
-11,97,25
-8,98,23
-11,97,25
-7,97,24
-11,97,25
-7,97,24
-11,97,25
-7,97,24
-11,97,25
-8,97,26
-12,97,25
-7,97,25
-11,97,23
-12,96,26
-8,97,26
-10,97,23
-6,97,25
-10,96,27
-7,97,24
-11,97,24
-7,97,25
-11,97,24
-6,97,24
-11,97,25
-7,98,23
-11,97,25
-7,97,24
-6,97,27
-6,97,24
-10,97,24
-7,98,23
-9,97,25
-5,97,25
-9,97,25
-9,98,22
-9,97,25
-6,98,23
-6,97,26
-7,96,28
-8,97,26
-8,98,23
-10,97,25
-5,97,25
-3,97,27
-6,97,25
-9,98,23
-5,97,25
-1,97,25
-5,97,27
-6,97,24
-8,98,22
-5,98,24
-9,97,23
-5,97,25
-7,97,27
-5,97,25
-9,97,23
-5,97,25
-3,98,22
-4,97,25
0,97,25
-4,97,25
-5,98,23
-4,97,25
-2,98,23
-1,97,26
-5,97,25
-3,98,23
-7,97,24
-2,98,24
-3,97,27
-6,97,25
-2,98,24
-6,98,23
-2,98,24
-3,97,27
-5,98,24
-2,97,26
-5,98,24
-2,98,22
-3,97,25
-4,97,27
-3,97,25
-7,98,24
-3,98,24
-7,97,25
-3,97,25
0,97,27
-3,97,25
-6,98,23
-6,97,26
-2,98,24
0,97,27
-2,98,24
-6,97,26
-2,98,24
-6,97,25
-2,98,25
-4,97,27
-2,98,25
0,98,22
-2,98,25
2,98,23
-2,97,25
2,98,23
-2,98,25
1,98,23
-2,98,25
1,97,27
-1,98,24
-3,97,26
-1,98,24
-5,97,25
0,98,25
4,98,24
0,98,25
3,98,23
0,98,25
4,98,24
0,98,24
4,98,24
0,98,25
3,97,26
0,98,24
4,98,24
1,98,23
1,97,25
1,98,23
2,97,25
1,98,23
1,97,25
2,98,23
2,97,25
0,98,23
3,97,25
3,98,22
1,98,25
6,97,24
2,98,25
4,98,22
4,97,25
2,98,23
3,97,26
3,98,23
1,97,25
5,98,24
4,97,27
3,98,24
4,97,27
5,98,24
1,97,25
5,97,25
1,98,24
5,97,25
1,98,23
5,97,25
3,98,22
5,97,25
7,98,23
3,98,24
6,97,25
2,98,25
6,98,23
4,97,26
6,98,23
7,97,26
3,98,24
8,97,24
4,98,23
8,97,25
4,98,24
8,97,25
4,98,24
7,97,25
11,97,23
6,98,24
11,97,25
6,97,25
2,97,25
6,97,25
10,98,23
6,97,25
10,97,23
7,97,25
10,97,23
7,97,25
7,98,23
9,97,25
5,98,24
0,100,1
0,100,1
1,100,1
0,100,2
0,100,1
0,100,3
1,100,1
0,100,2
1,100,1
0,100,4
1,100,1
0,100,4
1,100,1
1,100,3
1,100,1
1,100,4
1,100,1
1,100,-1
1,100,1
0,100,2
1,100,2
1,100,-1
1,100,2
1,100,-1
1,100,2
1,100,-1
1,100,2
1,100,-1
1,100,2
1,100,0
1,100,2
1,100,-1
1,100,2
1,100,-1
1,100,2
1,100,-1
1,100,2
1,100,-1
1,100,2
1,100,-1
1,100,2
1,100,-1
1,100,2
1,100,0
1,100,2
1,100,1
1,100,2
1,100,1
1,100,1
1,100,-1
1,100,1
1,100,1
1,100,2
1,100,-1
1,100,2
1,100,-1
1,100,2
1,100,-1
1,100,2
1,100,-1
1,100,1
1,100,-1
1,100,2
2,100,-1
2,100,2
2,100,0
2,100,2
2,100,0
2,100,2
2,100,-1
2,100,2
2,100,-1
2,100,2
2,100,-1
2,100,2
2,100,0
2,100,2
2,100,-1
2,100,2
2,100,-1
2,100,2
2,100,-1
2,100,2
2,100,0
2,100,2
2,100,-1
2,100,2
2,100,0
2,100,3
2,100,0
2,100,3
2,100,0
2,100,3
2,100,0
2,100,3
2,100,0
2,100,3
2,100,0
2,100,2
2,100,0
2,100,2
2,100,0
2,100,3
2,100,0
2,100,2
2,100,0
2,100,2
2,100,0
2,100,3
2,100,0
2,100,3
2,100,0
2,100,3
2,100,0
2,100,3
3,100,0
3,100,3
3,100,0
3,100,3
3,100,0
3,100,3
3,100,0
3,100,3
3,100,0
3,100,3
3,100,0
3,100,3
3,100,0
3,100,3
3,100,0
3,100,2
3,100,0
3,100,2
3,100,0
3,100,2
3,100,0
3,100,2
3,100,0
3,100,3
3,100,0
3,100,2
3,100,0
3,100,3
3,100,0
3,100,2
3,100,0
3,100,2
3,100,0
3,100,3
3,100,0
3,100,3
3,100,0
3,100,2
3,100,0
3,100,3
3,100,0
3,100,3
3,100,0
3,100,3
3,100,0
3,100,3
3,100,0
3,100,3
3,100,0
3,100,3
3,100,0
4,100,3
3,100,0
4,100,2
4,100,0
0,100,1
0,100,1
1,100,1
0,100,1
1,100,1
0,100,2
1,100,1
1,100,1
1,100,1
0,100,2
1,100,1
0,100,3
1,100,1
1,100,3
1,100,1
1,100,3
1,100,1
1,100,4
1,100,1
1,100,4
1,100,1
1,100,-1
1,100,1
1,100,-1
1,100,1
1,100,1
1,100,1
1,100,-1
1,100,1
1,100,-2
1,100,1
1,100,-2
1,100,1
1,100,1
1,100,1
1,100,0
1,100,2
1,100,-1
1,100,1
1,100,0
1,100,1
1,100,0
1,100,1
1,100,0
1,100,2
1,100,0
1,100,1
1,100,0
1,100,1
1,100,1
1,100,2
1,100,1
1,100,1
1,100,1
1,100,1
1,100,1
1,100,1
2,100,1
1,100,1
2,100,2
2,100,0
2,100,2
2,100,1
2,100,1
2,100,1
2,100,2
2,100,1
2,100,1
2,100,1
2,100,1
2,100,1
2,100,1
2,100,1
2,100,1
2,100,1
2,100,1
2,100,1
2,100,1
2,100,1
2,100,2
2,100,-1
2,100,2
2,100,-1
0,100,3
0,100,6
0,100,9
0,100,6
0,100,9
0,100,6
0,100,9
0,100,6
0,100,9
0,100,6
0,100,9
0,100,6
0,100,9
1,100,6
0,100,9
1,100,6
0,100,9
1,100,7
0,100,8
1,100,7
0,100,9
1,100,7
0,100,8
1,100,7
0,100,9
1,100,7
0,100,7
1,100,7
0,100,6
1,100,7
0,100,7
1,100,7
0,100,9
1,100,7
0,100,9
1,100,7
2,100,10
1,100,7
1,100,10
2,100,7
1,100,10
2,100,7
1,100,4
2,100,7
1,100,5
2,100,7
1,100,10
2,100,7
2,100,5
2,100,7
3,100,7
2,100,7
3,100,6
2,100,7
3,100,7
2,100,7
3,100,6
2,100,7
3,100,7
2,100,7
3,100,7
2,100,7
3,100,8
2,100,7
3,100,8
2,100,7
3,100,8
2,100,7
4,100,8
2,100,7
4,100,8
2,100,7
4,100,7
2,100,7
4,100,7
3,100,7
4,100,8
3,100,7
4,100,8
3,100,6
4,100,8
3,100,7
4,100,8
3,100,6
4,100,8
3,100,7
4,100,8
3,100,7
4,100,8
3,100,6
4,100,8
3,100,7
4,100,8
3,100,7
4,100,7
3,100,6
4,100,8
3,100,7
4,100,7
4,100,5
4,100,7
3,100,6
4,100,8
3,100,7
4,100,7
4,100,4
4,100,7
3,100,9
4,100,7
3,100,9
4,100,7
5,100,5
4,100,7
5,100,10
4,100,7
5,100,5
5,100,7
6,100,8
5,100,8
4,100,5
5,100,7
5,100,4
5,100,7
5,100,4
5,100,7
5,100,5
5,100,7
5,100,5
5,100,8
0,100,3
0,100,6
0,100,9
0,100,6
0,100,9
0,100,6
1,100,9
0,100,6
1,100,9
0,100,6
1,100,9
0,100,6
1,100,9
0,100,6
1,100,9
0,100,6
1,100,9
0,100,6
1,100,9
1,100,6
1,100,9
1,100,6
1,100,9
1,100,6
1,100,9
1,100,6
1,100,9
1,100,6
0,100,9
1,100,6
0,100,8
1,100,7
1,100,9
1,100,7
1,100,9
1,100,7
2,100,10
1,100,7
2,100,8
1,100,7
2,100,9
1,100,7
2,100,9
2,100,7
2,100,10
2,100,7
2,100,9
2,100,7
2,100,9
2,100,7
2,100,10
2,100,7
2,100,10
2,100,7
2,100,9
2,100,7
2,100,9
2,100,7
1,100,9
2,100,7
2,100,5
3,100,7
2,100,6
3,100,8
2,100,5
3,100,7
2,100,5
3,100,7
2,100,9
3,100,7
2,100,7
3,100,7
4,100,5
3,100,7
2,100,10
3,100,7
3,100,4
3,100,7
2,100,8
3,100,7
2,100,5
3,100,7
3,100,4
3,100,7
2,100,9
3,100,8
3,100,5
3,100,7
3,100,5
3,100,8
4,100,5
3,100,8
4,100,5
3,100,8
4,100,6
3,100,7
4,100,6
3,100,8
4,100,5
4,100,8
4,100,6
4,100,8
5,100,6
4,100,8
5,100,6
4,100,8
5,100,6
4,100,7
5,100,7
4,100,8
5,100,7
4,100,8
5,100,7
4,100,7
5,100,7
4,100,8
5,100,7
4,100,8
5,100,6
4,100,7
5,100,7
4,100,8
5,100,7
4,100,8
5,100,6
4,100,8
5,100,6
4,100,9
5,100,6
4,100,9
5,100,6
5,100,9
5,100,6
5,100,9
5,100,6
5,100,9
5,100,7
5,100,9
5,100,7
6,100,9
5,100,7
5,100,10
5,100,7
5,100,10
5,100,7
6,100,10
6,100,7
5,100,10
6,100,7
6,100,10
6,100,7
6,100,9
6,100,6
6,100,9
6,100,6
6,100,9
6,100,6
7,100,9
6,100,7
7,100,9
6,100,7
7,100,7
6,100,7
7,100,7
6,100,7
7,100,7
6,100,7
7,100,7
6,100,7
7,100,7
6,100,7
7,100,8
6,100,7
7,100,7
6,100,7
7,100,6
6,100,8
5,100,7
6,100,7
7,100,7
6,100,8
8,100,7
6,100,8
0,100,3
0,100,6
0,100,9
0,100,6
0,100,9
0,100,6
0,100,9
0,100,6
1,100,9
0,100,6
1,100,9
0,100,7
1,100,9
0,100,6
1,100,9
0,100,6
1,100,9
0,100,6
1,100,8
0,100,7
1,100,8
0,100,7
1,100,8
0,100,7
2,100,8
1,100,7
2,100,8
1,100,7
2,100,8
1,100,6
2,100,8
1,100,6
2,100,8
1,100,6
2,100,9
1,100,6
2,100,8
1,100,6
2,100,9
1,100,6
2,100,9
1,100,6
2,100,9
2,100,6
2,100,9
2,100,6
2,100,9
2,100,6
2,100,9
2,100,6
1,100,8
2,100,6
1,100,8
3,100,7
1,100,8
3,100,7
1,100,7
3,100,7
1,100,8
3,100,7
2,100,7
3,100,7
2,100,7
3,100,7
2,100,7
3,100,7
2,100,10
3,100,7
2,100,9
3,100,7
2,100,7
3,100,7
3,100,10
3,100,7
3,100,10
3,100,7
4,100,8
3,100,7
4,100,9
3,100,7
4,100,9
3,100,7
4,100,9
3,100,7
3,100,10
3,100,7
4,100,8
3,100,7
4,100,7
3,100,7
4,100,7
3,100,7
4,100,7
3,100,7
5,100,8
3,100,7
5,100,8
3,100,7
5,100,8
4,100,6
4,100,9
4,100,6
5,100,8
4,100,7
5,100,8
4,100,6
5,100,9
4,100,6
5,100,9
4,100,6
5,100,8
4,100,6
5,100,8
4,100,7
5,100,8
4,100,7
5,100,8
4,100,7
5,100,8
4,100,7
5,100,8
4,100,7
5,100,7
4,100,7
5,100,7
4,100,7
5,100,8
4,100,7
5,100,7
4,100,7
5,100,8
5,100,6
5,100,8
5,100,5
5,100,8
5,100,5
5,100,8
6,100,5
5,100,7
6,100,6
5,100,9
6,100,7
5,100,7
6,100,5
6,100,7
6,100,10
6,100,7
5,100,6
6,100,7
5,100,8
6,100,7
5,100,7
6,100,7
5,100,7
6,100,7
6,100,10
7,100,7
6,100,6
6,100,8
6,100,5
7,100,8
7,100,5
6,100,8
7,100,5
7,100,8
7,100,5
6,100,8
7,100,6
7,100,8
7,100,5
7,100,8
7,100,5
7,100,8
7,100,5
7,100,8
7,100,5
7,100,8
7,100,5
7,100,8
7,100,6
7,100,9
8,100,6
7,100,9
7,100,6
7,100,9
8,100,6
7,100,9
8,100,6
7,100,9
8,100,6
7,100,9
8,100,6
7,100,9
8,100,6
7,100,9
8,100,6
7,100,9
8,100,7
7,100,8
8,100,7
7,100,8
8,100,7
7,100,8
8,100,7
7,100,8
8,100,7
7,100,7
9,100,7
8,100,10
8,100,7
7,100,9
8,100,7
9,100,5
9,100,7
8,100,10
8,100,7
7,100,8
8,100,7
10,100,7
8,100,7
9,100,6
8,100,7
10,100,8
9,100,7
10,100,8
9,100,7
10,100,8
9,100,7
10,100,8
9,100,6
10,100,9
9,100,7
10,100,8
9,100,6
10,100,9
9,100,6
10,100,9
9,100,6
10,100,9
9,100,6
10,100,9
10,100,6
10,100,9
10,100,6
10,100,9
10,100,6
10,100,9
10,100,6
10,100,9
9,100,7
11,100,8
10,100,6
11,100,8
10,100,7
10,100,9
10,100,6
11,100,9
10,100,6
10,100,9
10,100,6
11,100,9
10,100,7
11,100,4
10,100,7
10,100,10
10,100,7
11,100,10
11,100,7
11,100,10
11,100,7
11,100,10
11,100,7
11,100,5
11,100,7
10,100,10
11,100,7
10,100,9
11,100,7
11,100,4
11,100,7
10,100,8
11,100,7
12,100,8
11,100,7
12,99,9
11,100,7
12,100,7
11,100,7
12,100,7
11,100,7
12,100,8
11,100,7
12,100,6
11,100,7
12,100,6
11,100,8
13,99,8
11,100,7
13,100,7
11,100,7
13,100,6
12,100,7
13,100,7
12,100,8
13,100,6
12,100,7
12,100,6
12,100,8
13,100,7
12,100,8
13,100,6
12,100,7
13,100,6
12,99,9
13,100,7
12,100,9
12,100,6
12,100,8
13,100,6
12,99,9
13,100,6
13,99,9
13,100,6
11,100,7
13,100,7
13,100,4
13,100,7
12,100,9
13,100,7
12,100,6
13,100,7
14,99,8
13,99,7
12,99,10
13,99,7
14,100,5
13,99,8
14,99,9
13,99,7
13,100,5
13,99,7
14,99,6
13,99,7
14,100,5
13,99,7
15,99,8
13,99,8
14,99,6
13,99,7
14,99,7
13,99,7
14,100,4
13,99,7
15,99,8
13,99,7
15,99,8
14,99,7
14,99,10
14,99,7
0,100,3
0,100,6
0,100,9
0,100,6
0,100,9
0,100,6
0,100,9
0,100,6
0,100,9
0,100,6
1,100,9
0,100,6
1,100,9
0,100,6
1,100,9
0,100,6
1,100,9
0,100,6
1,100,8
1,100,6
1,100,9
1,100,6
1,100,9
1,100,6
2,100,9
1,100,6
1,100,9
1,100,7
2,100,9
1,100,6
2,100,9
1,100,7
2,100,9
1,100,7
2,100,9
1,100,6
2,100,9
1,100,6
2,100,9
1,100,6
2,100,9
2,100,6
2,100,9
1,100,6
2,100,9
2,100,6
2,100,9
2,100,6
2,100,9
2,100,6
2,100,9
2,100,6
2,100,9
2,100,6
2,100,9
2,100,6
2,100,9
2,100,6
2,100,9
2,100,6
2,100,9
2,100,6
2,100,9
2,100,6
3,100,9
2,100,7
3,100,9
3,100,6
3,100,9
3,100,6
3,100,9
2,100,7
4,100,8
2,100,7
4,100,8
3,100,7
4,100,8
3,100,7
4,100,8
3,100,7
4,100,7
3,100,8
4,100,7
3,100,7
4,100,7
3,100,7
4,100,7
3,100,7
4,100,7
3,100,7
4,100,7
3,100,7
4,100,8
3,100,7
4,100,7
3,100,7
4,100,7
3,100,7
4,100,7
3,100,6
4,100,8
3,100,6
4,100,8
0,100,3
0,100,6
-1,100,8
0,100,6
0,100,9
-1,100,7
0,100,8
1,100,5
1,100,8
0,100,6
0,100,9
0,100,6
1,100,7
0,100,5
1,100,7
0,100,9
1,100,7
0,100,7
1,100,7
2,100,5
1,100,7
0,100,9
1,100,7
0,100,7
1,100,7
2,100,7
1,100,8
0,100,10
1,100,7
2,100,6
1,100,8
2,100,7
1,100,8
0,100,7
1,100,7
2,100,8
1,100,7
2,100,9
1,100,7
2,100,6
1,100,7
2,100,5
1,100,7
2,100,5
1,100,7
2,100,5
1,100,7
2,100,6
1,100,7
2,100,6
1,100,8
2,100,6
1,100,8
2,100,5
2,100,8
2,100,5
2,100,8
2,100,5
2,100,8
2,100,5
2,100,8
2,100,5
2,100,8
3,100,6
2,100,8
3,100,6
2,100,8
2,100,5
2,100,8
2,100,5
2,100,8
3,100,5
2,100,8
3,100,5
2,100,8
3,100,6
2,100,8
3,100,6
2,100,8
3,100,6
2,100,8
3,100,6
2,100,8
4,100,7
2,100,8
4,100,7
3,100,8
4,100,8
3,100,7
4,100,7
3,100,8
4,100,8
3,100,7
4,100,7
3,100,7
4,100,8
3,100,7
4,100,7
3,100,7
4,100,8
3,100,7
4,100,7
3,100,7
4,100,7
3,100,9
4,100,6
4,100,9
4,100,6
4,100,9
4,100,6
4,100,9
4,100,7
4,100,10
4,100,7
4,100,10
4,100,7
5,100,7
4,100,7
5,100,10
4,100,7
5,100,7
4,100,7
5,100,10
4,100,7
5,100,10
4,100,7
5,100,9
4,100,7
5,100,9
5,100,7
5,100,10
5,100,7
6,100,8
5,100,7
5,100,9
5,100,7
5,100,4
5,100,7
4,100,5
5,100,7
5,100,10
5,100,7
5,100,10
5,100,7
6,100,10
5,100,7
6,100,9
5,100,7
6,100,6
5,100,8
5,100,5
5,100,8
5,100,5
5,100,8
6,100,5
5,100,8
5,100,5
6,100,8
6,100,5
6,100,8
6,100,5
6,100,8
5,100,5
6,100,8
5,100,11
6,100,8
6,100,5
6,100,8
6,100,5
6,100,8
6,100,5
6,100,8
5,100,6
6,100,8
6,100,5
6,100,8
6,100,5
6,100,8
7,100,6
6,100,8
6,100,5
6,100,8
7,100,5
7,100,8
7,100,5
7,100,8
7,100,5
7,100,8
7,100,5
7,100,8
7,100,5
7,100,8
7,100,5
7,100,8
7,100,5
7,100,8
7,100,6
7,100,8
7,100,5
7,100,8
7,100,6
7,100,8
7,100,5
7,100,8
8,100,6
7,100,8
8,100,6
7,100,8
8,100,6
7,100,8
8,100,6
7,100,9
8,100,6
7,100,9
8,100,6
8,100,9
8,100,6
8,100,9
8,100,6
8,100,9
8,100,6
8,100,9
8,100,6
8,100,9
8,100,6
8,100,9
8,100,6
8,100,9
8,100,6
8,100,8
8,100,6
8,100,8
8,100,6
8,100,8
7,100,7
9,100,8
8,100,7
9,100,7
8,100,7
9,100,8
8,100,7
9,100,7
8,100,6
9,100,8
8,100,7
9,100,8
8,100,6
9,100,7
8,100,6
9,100,8
8,100,7
9,100,8
8,100,7
9,100,7
8,100,8
9,100,7
8,100,7
9,100,8
8,100,8
9,100,7
9,100,9
9,100,7
9,100,10
9,100,7
8,100,9
10,100,7
10,100,10
9,100,7
10,100,9
10,100,7
9,100,10
10,100,7
11,100,7
10,100,8
11,100,6
10,100,7
10,100,5
10,100,7
11,100,7
10,100,8
11,100,6
10,100,7
11,100,8
9,100,7
10,100,9
10,100,6
11,100,7
10,100,6
11,100,9
9,100,7
11,100,7
10,100,5
11,100,7
9,100,8
11,100,8
9,100,8
11,100,7
10,100,7
11,100,8
10,100,5
11,100,8
10,100,9
11,100,8
10,100,8
11,100,7
11,100,4
11,100,7
11,99,10
11,100,7
12,100,6
11,100,8
12,100,6
11,100,8
11,100,5
11,100,8
12,100,6
11,100,9
12,100,6
11,100,8
11,100,6
11,100,9
12,100,6
12,100,9
11,100,6
12,100,9
12,100,6
12,100,9
12,100,6
12,100,9
11,100,6
12,99,9
12,100,6
12,99,9
12,100,6
13,99,8
12,100,6
12,99,9
12,100,6
12,99,8
12,100,6
12,99,8
12,100,6
12,99,8
12,100,6
12,99,9
12,100,6
13,99,8
12,100,6
13,99,9
12,100,6
13,99,8
13,100,5
13,99,8
12,100,7
13,99,7
12,100,7
13,99,8
12,99,9
13,99,8
13,100,5
13,99,8
12,100,6
13,99,8
13,100,5
13,99,7
12,100,6
13,99,8
12,100,6
13,99,7
13,100,5
13,99,8
12,100,6
13,99,7
13,100,5
13,99,7
13,100,6
13,99,8
13,100,5
14,99,8
14,100,5
14,99,8
14,100,5
14,99,8
14,100,5
14,99,8
14,99,5
14,99,8
15,99,5
14,99,8
15,99,6
14,99,8
14,99,5
14,99,8
14,99,5
14,99,8
14,99,5
15,99,8
15,99,5
15,99,8
14,99,6
15,99,8
14,99,5
15,99,8
14,99,5
15,99,8
14,99,5
15,99,8
15,99,5
15,99,8
15,99,5
15,99,8
15,99,5
15,99,8
16,99,5
15,99,8
15,99,5
15,99,8
16,99,5
15,99,8
16,99,5
15,99,8
15,99,5
15,99,8
15,99,5
15,99,8
16,99,5
16,99,8
15,99,5
16,99,8
15,99,5
16,99,8
16,99,6
15,99,7
16,99,5
16,99,8
17,99,7
16,99,8
17,99,7
16,99,7
17,99,8
16,99,7
17,99,8
16,99,7
17,99,8
16,99,7
17,99,9
16,99,6
17,99,8
16,99,6
17,99,9
16,99,7
17,99,6
16,99,7
17,99,7
16,99,7
17,99,7
16,99,7
17,99,8
16,99,7
17,99,7
16,99,7
17,99,7
16,99,8
18,99,8
16,99,7
18,99,7
16,99,7
18,99,8
17,99,6
18,99,8
16,99,7
18,99,7
16,99,7
18,99,7
16,99,8
17,99,6
17,99,8
18,99,7
18,99,10
17,99,7
16,99,9
17,99,7
18,99,4
18,99,7
17,99,10
17,99,7
18,99,9
18,99,6
18,99,3
18,99,6
17,99,9
18,99,6
17,99,9
18,99,6
18,99,9
18,99,6
18,99,9
18,99,6
19,98,8
18,99,7
19,98,9
18,99,7
19,99,6
18,99,8
19,99,7
18,99,8
19,99,6
18,99,8
19,99,6
18,99,8
19,99,6
18,99,8
19,99,6
18,99,8
19,99,6
18,99,8
19,99,6
18,99,8
19,99,6
18,99,9
19,99,6
18,99,9
19,99,6
19,98,9
19,99,6
18,99,9
19,99,6
19,98,9
20,98,7
19,99,8
20,98,7
19,99,8
20,98,7
19,99,7
20,98,7
19,99,8
20,98,7
19,99,8
20,98,7
19,99,8
20,98,7
19,99,8
20,98,7
19,99,7
20,98,7
19,99,7
20,98,7
19,99,6
20,98,7
19,99,6
20,98,7
19,99,6
20,98,7
19,99,8
20,98,7
19,98,9
20,98,7
20,98,10
20,98,7
20,98,10
20,98,7
21,98,7
20,98,7
21,98,9
20,98,7
21,98,7
20,98,7
21,98,5
20,98,7
22,98,8
20,98,7
22,98,8
20,98,7
22,98,7
20,98,7
22,98,6
21,98,7
22,98,7
21,98,8
22,98,6
21,98,7
22,98,7
21,98,8
22,98,7
21,98,8
22,98,6
21,98,8
22,98,6
21,98,8
22,98,7
21,98,8
22,98,6
21,98,8
22,98,7
21,98,8
22,98,7
21,98,7
22,98,7
21,98,8
22,98,7
21,98,8
22,98,7
21,98,7
22,98,7
21,98,7
22,98,8
21,98,6
22,98,8
21,98,6
22,98,7
21,98,6
22,98,8
21,98,7
22,98,8
22,98,6
23,98,7
21,98,6
23,98,7
21,98,8
23,98,7
21,98,7
23,98,7
21,98,9
23,98,7
22,98,9
23,98,7
22,98,10
23,98,7
24,97,7
23,98,7
24,98,5
23,98,7
22,98,9
23,98,7
23,98,4
23,98,7
24,98,5
23,98,7
22,98,9
23,98,7
22,98,8
23,98,7
24,97,7
23,98,7
22,98,10
23,98,7
24,97,7
23,98,8
24,97,6
23,98,7
24,98,5
23,98,8
24,98,5
23,98,8
23,98,5
23,98,8
24,98,5
24,98,8
24,98,5
24,98,8
24,98,5
24,97,8
24,98,5
24,97,8
24,98,5
24,97,8
24,98,5
24,97,8
24,98,5
24,97,8
24,98,5
24,97,8
24,97,5
24,97,8
24,98,5
24,97,8
24,98,5
25,97,8
24,98,6
25,97,8
24,97,5
25,97,6
24,97,7
25,97,10
25,97,7
24,98,6
25,97,8
24,98,5
24,97,8
25,97,5
25,97,8
26,97,6
25,97,8
26,97,6
25,97,7
26,97,6
25,97,7
26,97,7
25,97,7
26,97,7
25,97,7
26,97,8
25,97,7
26,97,8
25,97,7
26,97,7
25,97,7
26,97,7
25,97,8
26,97,7
25,97,8
26,97,6
25,97,7
26,97,7
25,97,8
26,97,7
25,97,9
26,97,6
25,97,8
26,97,7
25,97,9
26,97,7
25,97,5
26,97,7
25,97,9
26,97,7
25,97,9
26,97,7
26,97,10
26,97,7
25,97,6
26,97,7
26,97,5
26,97,7
26,97,10
26,97,7
27,97,4
26,97,7
28,97,7
26,97,8
28,97,7
26,97,7
25,97,9
27,97,7
27,97,5
27,97,7
26,97,7
26,97,10
27,97,7
28,96,7
27,97,6
28,96,8
27,97,8
28,97,6
27,97,8
28,97,7
27,97,7
28,96,7
27,97,8
28,97,6
27,97,9
28,96,7
27,97,8
28,97,6
27,97,8
28,96,7
27,96,9
28,97,6
27,97,9
28,96,6
27,97,8
28,96,7
28,96,10
28,97,7
27,96,10
28,96,8
29,96,6
28,97,7
29,96,6
28,96,7
29,96,7
0,100,3
0,100,6
0,100,3
0,100,6
0,100,9
0,100,6
0,100,9
0,100,6
0,100,9
0,100,6
1,100,9
1,100,6
0,100,4
1,100,6
1,100,9
1,100,7
1,100,9
1,100,6
0,100,9
1,100,7
1,100,10
1,100,7
0,100,8
1,100,7
0,100,8
1,100,7
0,100,6
1,100,7
0,100,6
1,100,7
0,100,7
1,100,7
0,100,7
1,100,7
2,100,10
1,100,7
2,100,5
1,100,7
2,100,10
2,100,7
1,100,9
2,100,7
3,100,6
2,100,7
3,100,6
2,100,7
2,100,4
2,100,7
2,100,5
2,100,7
3,100,7
2,100,7
3,100,9
2,100,7
3,100,10
2,100,7
2,100,10
3,100,7
2,100,9
3,100,7
2,100,8
3,100,7
3,100,4
3,100,7
3,100,10
3,100,7
4,100,6
3,100,7
4,100,6
3,100,7
4,100,7
3,100,7
4,100,6
3,100,7
4,100,7
3,100,7
4,100,7
3,100,7
4,100,8
3,100,7
4,100,6
3,100,7
4,100,6
3,100,8
4,100,7
3,100,7
4,100,7
3,100,8
4,100,7
3,100,7
4,100,7
3,100,7
4,100,7
3,100,7
4,100,8
3,100,7
4,100,7
3,100,7
4,100,7
3,100,7
4,100,7
3,100,7
5,100,7
3,100,7
5,100,8
4,100,6
5,100,7
4,100,6
5,100,8
4,100,7
5,100,7
4,100,7
5,100,7
4,100,7
5,100,7
4,100,8
5,100,7
4,100,8
5,100,7
5,100,10
5,100,7
5,100,10
5,100,7
5,100,9
5,100,7
6,100,9
5,100,7
5,100,9
5,100,7
6,100,8
5,100,7
6,100,8
5,100,7
6,100,8
5,100,7
6,100,9
5,100,7
6,100,8
5,100,6
6,100,9
5,100,7
6,100,9
5,100,6
6,100,9
5,100,6
6,100,9
5,100,6
6,100,9
5,100,6
6,100,8
5,100,6
6,100,8
6,100,6
6,100,9
6,100,6
6,100,9
6,100,6
6,100,9
6,100,6
7,100,8
6,100,6
7,100,9
6,100,6
7,100,9
6,100,6
7,100,9
6,100,6
7,100,9
6,100,6
7,100,9
6,100,6
7,100,9
7,100,6
7,100,9
7,100,6
7,100,9
7,100,6
7,100,9
7,100,6
7,100,9
7,100,6
8,100,8
7,100,7
8,100,8
7,100,6
8,100,9
7,100,7
8,100,8
7,100,6
8,100,8
7,100,6
8,100,8
7,100,6
8,100,8
7,100,7
8,100,7
8,100,10
7,100,7
8,100,4
8,100,7
9,100,7
8,100,6
8,100,9
8,100,6
7,100,9
5,100,12
4,100,8
4,100,5
4,100,1
4,100,-1
4,100,2
4,100,5
4,100,8
4,100,5
4,100,3
4,100,5
3,100,7
2,100,4
2,100,0
2,100,-3
2,100,-6
1,100,-2
1,100,1
1,100,-1
1,100,-4
1,100,-1
1,100,2
1,100,-1
1,100,-3
1,100,-1
1,100,2
1,100,4
1,100,3
1,100,0
1,100,-2
1,100,-4
1,100,0
0,100,3
0,100,7
1,100,10
0,100,7
1,100,9
1,100,6
1,100,9
-1,100,9
1,100,9
-1,100,8
1,100,8
2,100,6
1,100,7
1,100,10
1,100,7
3,100,9
2,100,7
1,100,6
2,100,8
1,100,6
2,100,7
2,100,10
2,100,7
2,100,10
2,100,7
2,100,10
2,100,7
2,100,4
3,100,7
3,100,10
3,100,7
3,100,10
3,100,7
2,100,9
3,100,7
3,100,9
3,100,7
3,100,10
3,100,7
3,100,9
2,100,7
3,100,10
2,100,7
3,100,9
3,100,7
3,100,9
3,100,7
3,100,9
3,100,7
4,100,9
3,100,7
4,100,9
2,100,8
2,100,5
2,100,7
3,100,6
4,100,7
3,100,7
2,100,5
3,100,8
4,100,7
3,100,8
4,100,7
3,100,7
4,100,7
3,100,7
4,100,7
3,100,7
4,100,7
3,100,7
4,100,7
3,100,7
4,100,7
3,100,7
4,100,7
3,100,7
4,100,7
3,100,7
4,100,7
3,100,7
4,100,7
3,100,7
4,100,7
3,100,6
4,100,8
3,100,7
4,100,8
4,100,5
4,100,7
3,100,7
4,100,7
3,100,7
4,100,7
3,100,8
4,100,7
5,100,10
5,100,7
4,100,6
5,100,7
5,100,10
4,100,7
5,100,8
4,100,7
6,100,8
4,100,7
5,100,9
5,100,7
6,100,9
5,100,7
6,100,8
5,100,7
5,100,9
5,100,7
6,100,9
5,100,7
6,100,9
5,100,6
5,100,9
5,100,7
5,100,10
5,100,7
5,100,8
6,100,8
5,100,8
6,100,7
6,100,4
6,100,7
6,100,10
6,100,7
5,100,7
6,100,7
6,100,10
6,100,7
7,100,6
6,100,7
6,100,10
7,100,7
8,100,7
7,100,7
8,100,9
7,100,8
8,100,6
7,100,8
8,100,6
7,100,8
7,100,5
7,100,8
7,100,6
7,100,8
7,100,6
7,100,9
7,100,6
7,100,9
7,100,6
7,100,9
8,100,6
7,100,8
8,100,6
7,100,9
8,100,6
7,100,9
8,100,6
7,100,8
8,100,6
7,100,9
8,100,6
7,100,9
8,100,6
8,100,9
8,100,6
8,100,9
8,100,6
8,100,9
8,100,7
8,100,9
8,100,7
7,100,8
9,100,7
7,100,8
9,100,7
7,100,8
9,100,7
7,100,8
9,100,7
8,100,8
9,100,7
10,100,9
9,100,7
8,100,8
9,100,7
9,100,4
9,100,7
9,100,5
9,100,7
8,100,6
9,100,7
10,100,6
9,100,7
8,100,6
9,100,7
9,100,5
9,100,7
0,100,3
0,100,6
0,100,9
0,100,6
1,100,9
0,100,6
1,100,8
0,100,7
1,100,8
1,100,5
1,100,8
0,100,7
1,100,7
0,100,7
1,100,7
1,100,10
0,100,7
-1,100,7
0,100,7
1,100,9
1,100,6
1,100,9
0,100,7
0,100,9
1,100,7
2,100,8
1,100,7
2,100,9
0,100,7
2,100,7
1,100,7
1,100,6
1,100,8
2,100,6
1,100,8
1,100,5
1,100,8
2,100,5
1,100,8
1,100,5
1,100,8
2,100,5
1,100,8
1,100,5
1,100,8
2,100,6
1,100,8
2,100,6
1,100,8
2,100,6
1,100,8
2,100,9
1,100,6
2,100,4
2,100,7
0,100,8
2,100,6
2,100,4
2,100,7
1,100,9
1,100,7
2,100,6
1,100,6
1,100,5
2,100,6
2,100,9
2,100,6
3,100,9
2,100,6
1,100,3
1,100,5
2,100,5
2,100,2
2,100,-1
3,100,-3
3,100,1
3,100,3
2,100,3
2,100,6
3,100,4
2,100,5
3,100,8
4,100,6
3,100,6
4,100,6
3,100,7
4,100,9
3,100,7
4,100,6
3,100,6
4,100,7
3,100,8
4,100,8
3,100,6
4,100,6
3,100,7
4,100,9
3,100,7
4,100,6
4,100,6
4,100,7
3,100,7
4,100,9
4,100,6
5,100,3
4,100,6
5,100,8
6,100,11
5,100,8
4,100,5
5,100,3
4,100,6
5,100,8
5,100,6
6,100,4
5,100,7
5,100,4
5,100,6
4,100,8
5,100,7
4,100,10
5,100,7
6,100,10
5,100,7
6,100,5
5,100,7
6,100,5
5,100,7
5,100,4
5,100,7
7,100,7
5,100,7
7,100,7
6,100,7
7,100,7
6,100,7
7,100,7
6,100,7
7,100,5
6,100,7
7,100,5
6,100,7
7,100,7
6,100,8
6,100,5
6,100,8
6,100,5
6,100,8
7,100,6
6,100,9
7,100,6
6,100,6
6,100,9
7,100,7
6,100,7
7,100,8
6,100,7
7,100,7
7,100,4
7,100,7
6,100,9
7,100,8
7,100,5
7,100,8
7,100,5
7,100,8
7,100,5
7,100,8
7,100,5
8,100,8
7,100,6
8,100,8
7,100,6
8,100,7
7,100,6
8,100,8
7,100,7
8,100,7
7,100,6
8,100,7
7,100,7
8,100,7
7,100,8
8,100,7
7,100,5
8,100,7
7,100,9
9,100,8
8,100,5
7,100,6
8,100,7
7,100,9
9,100,7
8,100,6
9,100,7
8,100,5
9,100,8
8,100,5
9,100,8
9,100,5
9,100,8
9,100,5
9,100,8
9,100,5
9,100,8
10,100,6
9,100,8
9,100,5
9,100,8
9,100,5
9,100,8
10,100,6
9,100,8
10,100,5
9,100,8
10,100,6
9,100,8
10,100,6
9,100,8
10,100,6
9,100,8
10,100,6
9,100,8
10,100,6
9,100,8
10,100,7
9,100,8
10,100,6
10,100,9
10,100,6
10,100,9
10,100,6
10,100,9
10,100,6
11,100,9
10,100,6
10,100,9
10,100,6
10,100,9
10,100,6
10,100,9
10,100,6
11,100,9
10,100,6
10,100,9
11,100,6
10,100,9
11,100,6
10,100,9
11,100,7
10,100,7
11,100,7
10,100,10
11,100,7
12,100,5
11,100,7
12,99,10
11,100,7
12,99,9
11,100,7
11,99,10
11,100,7
12,99,9
11,100,7
12,99,9
11,100,7
11,99,10
12,100,7
13,99,9
12,100,7
11,100,9
12,100,7
12,99,10
12,100,7
13,100,6
12,100,7
11,100,7
12,100,7
13,100,6
12,100,7
13,100,5
12,100,7
13,100,6
12,100,7
13,99,7
12,100,7
13,100,5
12,100,7
13,100,5
12,100,8
13,100,5
12,100,8
12,100,5
12,100,8
13,100,5
12,100,8
13,100,5
12,100,8
13,100,5
13,99,8
13,100,5
13,99,8
13,100,5
13,99,8
13,100,5
13,99,8
13,100,5
13,99,8
13,100,5
13,99,8
13,100,5
13,99,8
13,100,5
13,99,8
13,100,5
13,99,8
13,100,5
13,99,8
13,100,6
14,99,7
13,100,6
14,99,7
13,100,7
14,99,7
13,100,4
14,99,7
14,100,4
14,99,7
15,99,7
14,99,7
15,99,7
14,99,7
15,99,9
14,99,7
15,99,9
14,99,7
15,99,9
14,99,7
15,99,8
14,99,7
15,99,7
14,99,7
15,99,6
14,99,7
15,99,6
14,99,5
15,99,8
14,99,5
15,99,8
15,99,5
14,99,6
15,99,7
14,99,6
15,99,7
14,99,5
15,99,7
15,99,5
15,99,7
15,99,5
15,99,7
15,99,4
15,99,7
15,99,4
15,99,7
16,99,5
15,99,7
16,99,5
16,99,8
16,99,5
16,99,8
16,99,5
16,99,8
16,99,5
16,99,8
16,99,6
16,99,8
16,99,5
16,99,8
17,99,7
16,99,6
17,99,8
16,99,10
18,99,9
19,99,6
18,99,3
18,99,1
18,99,-1
19,99,-2
18,99,0
19,99,3
18,99,4
18,99,6
18,99,3
18,99,1
18,99,4
18,99,7
18,98,10
18,99,6
18,99,3
19,99,6
18,99,8
18,99,5
18,99,5
18,99,5
18,99,7
19,99,5
18,99,7
18,99,5
18,99,7
19,99,5
18,99,7
19,99,5
19,99,8
19,99,5
19,99,8
18,99,5
19,98,8
18,99,6
19,98,8
19,99,5
19,98,7
19,99,5
19,98,7
19,99,5
19,98,8
20,98,6
19,98,9
19,99,6
18,99,8
19,99,7
20,98,7
19,99,7
19,99,5
19,98,8
18,99,7
19,98,7
18,99,7
19,98,8
19,99,6
20,98,8
19,99,6
20,98,8
19,99,6
20,98,8
19,99,5
20,98,8
19,99,5
20,98,8
20,98,5
20,98,8
20,98,5
20,98,8
20,98,5
20,98,8
20,98,5
20,98,8
20,98,5
20,98,7
21,98,5
20,98,7
21,98,6
20,98,7
21,98,6
20,98,7
21,98,6
20,98,8
21,98,6
20,98,7
21,98,7
20,98,7
21,98,6
20,98,6
21,98,7
20,98,6
21,98,7
20,98,6
21,98,7
20,98,7
21,98,8
20,98,6
21,98,7
20,98,6
21,98,7
20,98,7
22,98,8
20,98,7
22,98,7
21,98,7
22,98,6
21,98,7
22,98,8
21,98,5
22,98,8
21,98,5
22,98,8
21,98,5
22,98,8
22,98,5
22,98,8
22,98,5
22,98,8
22,98,5
22,98,8
22,98,5
22,98,8
22,98,5
22,98,8
23,98,6
22,98,8
23,98,6
22,98,7
23,98,6
22,98,7
23,98,6
22,98,8
23,98,6
22,98,8
23,98,6
22,98,8
23,98,6
22,98,8
23,98,6
22,98,8
23,98,6
22,98,8
23,98,7
22,98,8
23,98,6
22,98,8
23,98,6
24,97,8
22,98,8
23,98,6
22,98,8
23,98,6
22,98,8
23,98,7
22,98,8
23,98,7
22,98,7
23,98,6
23,98,9
23,98,6
23,97,9
23,98,6
24,97,8
23,98,7
24,98,6
23,98,8
24,98,6
23,98,8
22,98,7
23,98,7
24,97,6
23,98,7
24,97,8
23,98,8
24,98,5
23,98,8
23,98,5
24,97,8
23,97,11
24,98,8
23,98,5
24,98,8
24,98,5
24,97,8
24,98,5
24,97,8
24,98,5
24,97,8
24,98,6
24,97,9
24,97,6
0,100,3
0,100,6
-1,100,9
0,100,6
-1,100,8
0,100,7
-1,100,8
0,100,7
-1,100,8
1,100,7
-1,100,8
1,100,7
0,100,9
1,100,7
0,100,7
1,100,7
0,100,9
1,100,7
0,100,10
1,100,7
1,100,5
1,100,7
0,100,10
1,100,7
2,100,6
1,100,7
2,100,5
1,100,7
2,100,9
1,100,8
2,100,6
1,100,7
2,100,6
1,100,8
2,100,6
1,100,7
2,100,7
1,100,7
2,100,8
1,100,7
2,100,8
1,100,9
2,100,6
1,100,9
2,100,7
1,100,8
2,100,6
1,100,8
2,100,6
1,100,9
2,100,7
1,100,9
2,100,6
2,100,9
2,100,7
2,100,9
2,100,7
2,100,9
2,100,6
3,100,6
2,100,7
3,100,8
2,100,7
3,100,6
2,100,7
3,100,7
2,100,8
3,100,7
2,100,7
3,100,6
2,100,7
3,100,6
2,100,7
3,100,6
2,100,8
3,100,7
2,100,8
3,100,7
2,100,8
3,100,6
2,100,8
3,100,6
2,100,8
3,100,6
2,100,8
3,100,6
3,100,9
3,100,6
3,100,9
3,100,6
3,100,4
3,100,7
4,100,8
3,100,7
4,100,7
3,100,7
4,100,9
3,100,7
5,100,6
4,100,7
5,100,6
4,100,7
5,100,6
4,100,7
4,100,5
4,100,7
5,100,6
4,100,7
5,100,7
4,100,7
4,100,5
4,100,8
4,100,5
4,100,8
5,100,5
4,100,8
5,100,6
4,100,7
5,100,6
4,100,7
5,100,7
4,100,7
5,100,7
4,100,7
5,100,6
4,100,7
5,100,7
4,100,7
6,100,7
4,100,7
6,100,7
4,100,8
6,100,7
4,100,8
6,100,7
4,100,7
6,100,7
5,100,7
6,100,7
5,100,7
6,100,7
5,100,8
6,100,7
5,100,8
6,100,7
5,100,7
6,100,7
5,100,7
6,100,7
5,100,7
6,100,7
5,100,6
6,100,7
5,100,6
6,100,7
5,100,6
6,100,7
5,100,6
6,100,7
5,100,8
6,100,7
5,100,8
6,100,7
5,100,8
6,100,7
5,100,7
6,100,7
5,100,9
6,100,7
5,100,7
6,100,7
8,100,7
6,100,7
7,100,5
6,100,7
8,100,6
7,100,7
8,100,6
7,100,7
8,100,6
7,100,7
7,100,5
7,100,8
8,100,6
7,100,7
7,100,5
7,100,7
8,100,6
7,100,7
8,100,6
7,100,7
8,100,5
7,100,8
8,100,7
7,100,7
8,100,7
7,100,7
8,100,8
7,100,7
8,100,6
7,100,8
8,100,6
7,100,8
8,100,6
7,100,8
8,100,6
7,100,8
8,100,6
8,100,8
8,100,6
7,100,8
8,100,6
8,100,8
8,100,6
8,100,9
8,100,6
8,100,9
8,100,6
8,100,9
8,100,6
8,100,9
9,100,6
8,100,9
9,100,6
8,100,9
9,100,6
8,100,8
9,100,6
8,100,9
9,100,6
8,100,9
9,100,6
9,100,9
9,100,6
8,100,9
9,100,7
9,100,10
9,100,7
10,100,9
9,100,7
10,100,9
9,100,7
9,100,9
9,100,7
10,100,9
9,100,7
10,100,9
10,100,6
9,100,9
10,100,7
9,100,9
10,100,7
9,100,9
10,100,7
10,100,9
9,100,8
9,100,6
9,100,3
10,100,5
9,100,7
10,100,7
11,100,8
10,100,7
11,100,6
10,100,7
9,100,7
10,100,7
9,100,8
10,100,6
10,100,9
10,100,6
9,100,8
10,100,6
10,100,9
10,100,7
10,100,9
10,100,6
10,100,9
10,100,6
10,100,9
10,100,6
10,100,9
10,100,6
10,100,9
10,100,7
11,100,9
11,100,7
10,100,9
11,100,7
11,100,9
11,100,7
11,100,9
11,100,7
12,100,6
11,100,7
12,99,9
11,100,7
12,100,8
11,100,7
12,100,8
11,100,8
12,100,7
11,100,7
12,100,5
11,100,7
12,100,8
11,100,8
12,100,6
11,100,7
12,100,7
11,100,8
12,100,7
11,100,7
12,100,7
11,100,7
12,99,8
11,100,6
12,100,8
11,100,7
12,100,8
11,100,7
12,99,8
12,100,6
12,99,9
12,100,6
12,99,9
12,100,6
13,99,9
12,100,6
13,99,9
12,100,6
13,99,8
12,100,6
13,99,8
12,100,7
13,99,8
12,100,7
13,99,8
12,100,7
13,99,7
12,100,7
13,99,7
12,100,7
13,100,6
12,100,8
13,99,7
12,99,8
13,99,7
12,100,7
13,100,6
12,99,8
14,99,7
12,100,8
14,99,7
12,100,7
14,99,6
13,99,8
14,99,7
13,100,7
14,99,6
13,99,9
14,99,6
13,99,9
14,99,6
13,99,8
14,99,7
13,99,9
14,99,7
13,99,8
14,99,6
14,99,9
14,99,6
14,99,9
14,99,6
14,99,9
14,99,6
14,99,9
14,99,6
14,99,9
14,99,6
15,99,8
14,99,7
15,99,8
14,99,7
15,99,8
14,99,7
15,99,8
14,99,7
15,99,8
14,99,7
15,99,8
14,99,7
18,99,2
21,98,2
25,97,4
28,96,6
30,96,8
32,95,7
35,94,8
39,93,4
40,93,3
41,92,-1
43,91,-3
43,91,-7
45,90,-8
47,89,-7
46,89,-7
45,90,-10
43,90,-10
44,90,-13
43,89,-17
41,89,-21
38,91,-20
33,92,-23
30,92,-27
27,92,-31
23,93,-29
23,94,-28
20,93,-32
23,92,-34
31,89,-34
38,87,-32
44,85,-30
46,83,-32
47,83,-33
52,80,-31
57,76,-33
66,67,-34
71,62,-36
78,54,-34
84,45,-31
89,37,-27
93,30,-24
95,21,-25
95,17,-27
96,15,-27
97,3,-25
98,-6,-22
97,-14,-19
97,-19,-16
97,-21,-12
96,-24,-14
95,-27,-17
95,-30,-13
94,-32,-15
93,-35,-12
93,-37,-8
91,-41,-7
90,-44,-4
89,-46,-2
87,-50,0
85,-52,1
84,-55,-1
83,-56,-3
83,-56,-2
83,-56,1
83,-56,3
82,-58,6
80,-60,2
79,-61,0
78,-63,3
77,-64,5
77,-64,7
79,-62,6
81,-59,9
83,-56,6
84,-54,3
85,-52,2
87,-50,5
89,-45,7
92,-39,10
95,-32,8
96,-27,5
97,-25,2
98,-23,4
98,-20,6
99,-15,8
100,-7,9
100,1,6
100,10,3
99,19,2
96,31,4
92,40,1
88,49,-1
82,58,-3
77,65,-5
74,68,-7
71,71,-4
68,74,-1
67,75,-3
66,76,-3
65,77,-1
63,79,-1
61,80,-3
61,80,0
62,80,-2
63,79,1
64,78,3
66,76,1
69,74,1
72,71,5
73,69,8
73,69,11
72,70,9
73,69,9
72,70,9
71,71,11
72,69,13
74,68,10
75,67,7
74,68,6
74,68,5
74,68,7
75,67,8
75,67,7
74,68,7
75,67,7
75,66,7
75,67,8
75,67,5
75,67,8
75,67,5
75,67,7
74,68,9
75,67,7
74,68,8
75,67,7
76,66,8
75,67,7
75,67,10
75,67,7
76,66,5
75,67,7
76,66,7
75,67,8
76,66,10
75,67,7
76,66,5
75,67,7
76,66,7
75,67,8
75,67,5
75,66,8
76,66,5
75,66,8
76,66,6
75,66,8
76,66,10
76,66,7
75,67,6
76,66,8
76,66,5
76,66,8
76,66,5
76,66,8
76,66,5
76,66,8
76,66,5
76,66,8
76,66,11
76,66,8
77,65,6
76,66,8
76,66,6
76,65,5
76,66,7
76,66,10
76,66,7
77,65,7
76,66,7
76,65,9
76,66,7
77,65,8
76,66,7
77,65,8
76,66,7
77,65,8
76,66,7
77,65,8
76,66,7
77,65,7
76,66,7
77,65,8
76,66,7
77,65,8
76,66,7
76,66,4
76,65,7
76,65,10
77,65,7
76,65,5
77,65,5
76,65,8
77,64,10
77,65,8
77,65,5
77,65,7
77,64,8
76,65,8
77,64,8
77,65,6
77,64,6
77,65,8
0,100,3
0,100,6
0,100,9
0,100,6
0,100,9
0,100,6
0,100,9
0,100,6
0,100,9
0,100,6
0,100,9
0,100,6
0,100,9
1,100,7
0,100,9
1,100,6
0,100,9
1,100,7
0,100,9
1,100,7
0,100,9
1,100,7
0,100,6
1,100,7
0,100,8
1,100,7
0,100,7
1,100,7
0,100,9
1,100,6
2,100,9
1,100,6
2,100,9
1,100,6
2,100,8
1,100,6
2,100,8
1,100,6
2,100,9
1,100,6
2,100,9
1,100,6
2,100,9
1,100,7
2,100,8
1,100,6
2,100,8
1,100,6
2,100,8
1,100,6
2,100,8
1,100,7
2,100,8
1,100,7
2,100,8
1,100,6
2,100,7
1,100,7
2,100,8
2,100,6
3,100,8
1,100,7
3,100,7
1,100,7
3,100,7
2,100,7
3,100,8
2,100,5
3,100,8
2,100,5
3,100,8
2,100,5
3,100,8
2,100,5
3,100,7
2,100,7
3,100,8
2,100,8
3,100,7
2,100,6
3,100,7
3,100,10
3,100,7
3,100,10
3,100,7
3,100,4
3,100,7
4,100,7
3,100,7
4,100,6
3,100,5
4,100,8
3,100,6
3,100,8
3,100,6
4,100,8
3,100,6
4,100,8
3,100,6
4,100,8
3,100,6
4,100,8
3,100,7
4,100,8
3,100,6
4,100,7
3,100,7
4,100,8
3,100,7
4,100,7
3,100,6
4,100,7
3,100,7
4,100,8
3,100,6
5,100,7
4,100,9
5,100,7
4,100,8
5,100,6
0,100,3
0,100,6
0,100,9
0,100,6
0,100,8
1,100,7
0,100,9
1,100,7
0,100,8
1,100,7
0,100,7
1,100,7
0,100,7
1,100,7
0,100,8
1,100,7
0,100,7
1,100,7
0,100,8
1,100,7
0,100,8
1,100,7
1,100,10
1,100,7
1,100,10
1,100,7
1,100,10
1,100,7
2,100,9
1,100,7
1,100,10
1,100,7
1,100,10
1,100,7
0,100,9
1,100,7
0,100,8
1,100,7
1,100,4
1,100,7
2,100,6
2,100,7
2,100,5
2,100,7
2,100,5
2,100,7
2,100,5
2,100,7
1,100,5
2,100,8
1,100,5
2,100,8
2,100,5
2,100,8
2,100,5
2,100,8
2,100,5
2,100,8
2,100,5
2,100,8
3,100,5
2,100,8
3,100,6
2,100,8
2,100,5
2,100,8
3,100,5
2,100,8
3,100,5
2,100,8
3,100,5
2,100,8
3,100,5
2,100,8
3,100,5
3,100,8
3,100,5
3,100,8
3,100,5
3,100,8
3,100,5
3,100,8
3,100,5
3,100,8
3,100,5
3,100,8
3,100,5
3,100,8
3,100,5
3,100,8
3,100,5
3,100,8
3,100,6
3,100,8
3,100,6
3,100,9
3,100,6
3,100,9
3,100,6
3,100,9
3,100,6
4,100,9
3,100,6
4,100,9
4,100,6
4,100,9
4,100,6
4,100,9
4,100,6
4,100,9
4,100,6
4,100,9
4,100,6
4,100,9
4,100,6
4,100,9
4,100,6
4,100,9
4,100,6
4,100,9
4,100,6
4,100,9
4,100,6
4,100,9
5,100,6
4,100,9
5,100,6
4,100,9
5,100,6
5,100,9
5,100,6
5,100,9
4,100,6
5,100,9
4,100,7
6,100,8
4,100,7
6,100,8
4,100,7
6,100,8
5,100,7
6,100,8
5,100,6
6,100,8
5,100,7
6,100,8
5,100,6
6,100,8
5,100,6
6,100,8
5,100,7
6,100,8
5,100,6
6,100,8
5,100,6
6,100,8
5,100,6
6,100,8
5,100,6
6,100,8
5,100,6
6,100,8
6,100,5
6,100,8
6,100,6
6,100,8
6,100,6
6,100,8
5,100,6
6,100,7
5,100,6
6,100,8
6,100,6
6,100,8
6,100,5
6,100,8
6,100,5
7,100,8
6,100,5
6,100,8
6,100,5
6,100,8
7,100,5
7,100,8
7,100,5
7,100,8
7,100,5
7,100,8
7,100,5
7,100,8
7,100,5
7,100,8
7,100,5
7,100,8
7,100,5
0,100,3
0,100,6
0,100,9
0,100,6
0,100,9
0,100,6
0,100,9
0,100,6
0,100,9
0,100,6
0,100,9
1,100,7
0,100,9
1,100,7
0,100,9
1,100,7
0,100,9
1,100,6
1,100,9
1,100,6
0,100,9
1,100,7
0,100,9
1,100,7
1,100,10
1,100,7
1,100,10
1,100,7
1,100,9
1,100,7
1,100,9
1,100,7
2,100,10
1,100,7
1,100,10
2,100,7
1,100,9
2,100,7
1,100,10
2,100,7
1,100,9
2,100,7
3,100,9
2,100,7
2,100,10
2,100,7
3,100,8
2,100,7
3,100,9
2,100,7
2,100,10
2,100,7
3,100,8
2,100,7
3,100,9
2,100,7
3,100,9
2,100,7
3,100,9
2,100,6
2,100,9
2,100,6
2,100,9
3,100,7
2,100,9
3,100,7
2,100,10
3,100,7
3,100,10
3,100,7
3,100,10
3,100,7
3,100,9
3,100,7
3,100,10
3,100,7
3,100,10
3,100,7
4,100,9
3,100,7
3,100,10
3,100,7
4,100,10
3,100,7
3,100,10
3,100,7
3,100,10
3,100,7
4,100,10
3,100,7
5,100,8
3,100,7
4,100,9
3,100,7
5,100,8
3,100,7
5,100,7
4,100,7
5,100,8
4,100,7
5,100,7
4,100,7
5,100,7
4,100,8
5,100,6
4,100,8
5,100,6
4,100,8
5,100,6
4,100,8
5,100,6
4,100,8
4,100,6
4,100,8
5,100,6
4,100,8
5,100,6
4,100,8
5,100,6
4,100,8
5,100,6
4,100,8
5,100,7
4,100,8
5,100,7
4,100,8
5,100,7
4,100,8
5,100,7
4,100,8
5,100,7
4,100,7
5,100,7
4,100,7
5,100,7
4,100,6
5,100,7
4,100,6
6,100,7
4,100,6
6,100,7
5,100,6
6,100,8
5,100,5
6,100,8
6,100,5
5,100,8
6,100,5
6,100,8
6,100,5
6,100,8
6,100,5
6,100,8
6,100,5
6,100,8
7,100,6
6,100,8
7,100,6
6,100,8
7,100,6
6,100,8
7,100,6
6,100,8
7,100,6
6,100,8
7,100,6
6,100,8
7,100,6
6,100,8
7,100,6
6,100,9
7,100,6
7,100,9
6,100,6
7,100,9
7,100,6
7,100,9
7,100,6
7,100,9
7,100,6
7,100,9
7,100,6
7,100,9
7,100,6
7,100,9
7,100,6
7,100,9
7,100,6
7,100,9
8,100,6
7,100,8
8,100,7
7,100,9
8,100,6
7,100,9
8,100,6
7,100,9
8,100,6
8,100,9
8,100,6
8,100,9
8,100,6
8,100,9
8,100,6
7,100,9
8,100,6
8,100,9
8,100,6
8,100,9
8,100,6
8,100,9
8,100,6
8,100,9
8,100,6
8,100,9
8,100,6
8,100,9
8,100,6
8,100,9
8,100,6
9,100,9
8,100,7
9,100,9
8,100,7
9,100,8
8,100,7
10,100,7
8,100,7
10,100,8
8,100,7
10,100,8
8,100,7
10,100,7
8,100,7
10,100,8
8,100,7
10,100,6
9,100,7
10,100,7
9,100,8
10,100,6
9,100,8
10,100,7
9,100,8
10,100,6
9,100,8
10,100,6
9,100,8
10,100,6
9,100,8
10,100,6
9,100,9
10,100,6
9,100,9
10,100,6
9,100,9
10,100,6
10,100,9
10,100,6
10,100,9
10,100,6
10,100,9
10,100,6
10,100,9
10,100,6
9,100,9
10,100,6
10,100,9
10,100,6
10,100,9
10,100,6
10,100,9
10,100,7
10,100,9
11,100,7
10,100,9
11,100,7
10,100,9
11,100,7
10,100,9
11,100,7
10,100,9
11,100,7
10,100,7
11,100,7
10,100,9
11,100,7
10,100,8
11,100,6
11,100,9
11,100,6
11,100,9
11,100,6
11,100,9
11,100,6
11,100,9
11,100,6
11,100,9
11,100,6
12,100,9
11,100,6
12,100,8
11,100,7
12,100,8
11,100,6
12,100,8
11,100,6
12,100,9
11,100,7
12,100,8
11,100,7
12,100,8
11,100,7
12,100,8
11,100,7
12,100,8
11,100,6
12,100,8
11,100,6
12,100,8
11,100,6
12,100,8
11,100,7
13,100,8
11,100,7
13,100,7
11,100,7
13,100,7
11,100,7
13,100,7
12,100,7
13,99,8
12,100,7
13,99,8
12,100,6
13,99,8
12,100,5
13,99,8
12,100,5
13,99,8
12,100,5
13,99,8
13,100,5
13,99,8
13,100,5
13,99,8
13,100,5
13,99,8
13,100,5
13,99,8
13,100,5
13,99,8
14,99,6
13,99,8
14,100,5
13,99,8
14,100,5
13,99,8
14,100,5
13,99,8
13,100,5
14,99,8
13,100,6
14,99,8
14,99,5
14,99,8
14,99,5
14,99,8
13,100,6
14,99,7
15,99,9
14,99,7
15,99,8
14,99,8
15,99,9
14,99,6
14,100,4
15,99,6
15,99,9
14,99,11
13,99,8
13,100,5
14,99,8
15,99,10
15,99,7
14,99,7
14,99,4
14,99,7
15,99,9
14,99,9
15,99,7
14,99,6
15,99,8
14,99,6
15,99,8
16,99,7
15,99,7
14,99,5
15,99,8
15,99,5
15,99,8
16,99,6
15,99,8
15,99,5
15,99,8
15,99,5
16,99,8
15,99,5
15,99,8
15,99,5
15,99,8
16,99,6
16,99,8
16,99,6
15,99,8
15,99,5
16,99,8
16,99,6
16,99,9
15,99,6
15,99,9
16,99,6
16,99,9
16,99,6
16,99,9
16,99,6
16,99,9
16,99,6
16,99,9
16,99,6
16,99,9
16,99,6
16,99,9
17,99,7
16,99,9
17,99,6
16,99,9
17,99,6
16,99,9
17,99,6
17,99,9
17,99,7
16,99,9
17,99,7
17,99,10
17,99,7
16,99,10
17,99,7
17,99,9
17,99,7
17,99,9
17,99,7
17,99,10
17,99,7
18,99,9
17,99,7
17,99,10
17,99,7
17,99,9
18,99,7
17,99,9
18,99,7
17,99,10
17,99,7
18,99,10
18,99,7
18,98,9
18,99,7
17,99,10
18,99,7
17,99,9
18,99,7
18,99,10
18,99,7
18,98,10
18,99,7
17,99,7
18,99,7
17,99,9
18,99,8
17,99,10
18,99,7
18,99,5
18,99,7
17,99,7
18,99,8
19,99,5
18,99,8
19,99,5
18,99,8
20,98,9
18,99,8
19,99,7
18,99,7
19,99,6
18,99,7
20,98,8
18,99,7
20,98,8
18,99,7
20,98,8
19,99,7
20,98,6
19,99,8
20,98,8
19,99,8
20,98,6
19,99,8
20,98,8
19,99,8
20,98,7
19,99,7
20,98,7
19,99,8
20,98,7
19,99,8
20,98,6
19,98,8
20,98,6
19,98,9
20,98,6
19,98,8
20,98,6
19,98,9
20,98,7
19,98,9
20,98,6
19,98,8
20,98,7
20,98,10
20,98,7
19,98,8
20,98,6
19,98,7
20,98,7
20,98,10
20,98,7
19,98,9
20,98,7
21,98,9
21,98,7
20,98,9
20,98,7
20,98,10
20,98,7
21,98,9
21,98,6
21,98,9
20,98,7
21,98,9
21,98,6
21,98,9
21,98,6
21,98,9
21,98,6
20,98,7
21,98,7
22,98,8
21,98,7
22,98,7
21,98,7
22,98,8
21,98,8
22,98,7
21,98,7
22,98,6
21,98,8
22,98,8
21,98,7
22,98,7
21,98,7
22,98,8
21,98,7
22,98,7
21,98,7
22,98,7
21,98,8
23,98,7
21,98,7
23,98,7
21,98,7
22,98,5
22,98,8
21,98,9
22,98,7
21,98,7
22,98,7
21,98,10
22,98,7
21,98,7
22,98,7
21,98,6
22,98,7
23,98,5
22,98,7
23,98,6
22,98,7
24,98,7
22,98,7
23,98,5
22,98,7
24,98,8
22,98,7
24,97,8
22,98,7
24,98,7
22,98,7
24,98,7
23,98,7
24,98,7
23,98,7
24,98,7
23,98,7
24,97,8
23,98,7
24,98,7
23,98,7
24,97,8
23,98,7
24,97,7
23,98,7
24,97,8
23,98,7
24,97,8
23,98,7
24,97,7
23,98,7
24,97,7
23,98,8
24,97,7
23,98,8
24,97,7
23,98,8
24,97,7
23,98,8
24,97,6
23,98,9
24,98,6
23,98,9
24,97,7
23,97,9
24,97,6
24,97,9
24,97,7
23,97,9
24,97,7
24,97,9
24,97,7
24,97,9
25,97,7
24,97,9
25,97,7
24,97,10
24,97,7
25,97,10
24,97,7
25,97,9
24,97,7
25,97,9
25,97,7
25,97,9
25,97,7
25,97,9
25,97,7
25,97,10
25,97,7
25,97,9
25,97,7
25,97,10
25,97,7
25,97,10
25,97,7
26,97,9
25,97,7
26,97,6
25,97,7
26,97,8
25,97,7
26,97,9
25,97,7
26,97,10
25,97,7
27,97,8
25,97,7
27,97,8
26,97,7
27,97,9
26,97,7
27,97,9
26,97,7
27,97,9
26,97,7
27,97,9
26,97,7
26,97,9
26,97,7
27,97,9
26,97,7
27,97,9
26,97,7
27,97,9
26,97,7
27,97,8
26,97,7
27,97,8
26,97,7
27,97,8
26,97,7
27,97,7
26,97,7
27,97,7
26,97,7
27,97,7
26,97,7
27,97,7
26,97,8
27,97,6
26,97,8
27,97,6
26,97,8
27,97,6
27,97,9
27,97,6
27,97,9
28,97,6
26,97,8
28,97,7
27,97,8
28,97,7
27,97,8
28,97,7
27,97,8
27,97,5
27,97,8
28,97,6
27,97,6
28,96,8
27,97,6
28,96,8
29,96,7
28,96,8
28,97,5
28,96,8
28,96,5
28,96,8
28,97,5
29,96,8
28,97,7
29,96,8
28,97,7
29,96,7
28,97,7
29,96,9
28,96,6
29,96,8
28,96,7
29,96,9
28,96,7
29,96,8
28,96,7
29,96,8
28,96,7
29,96,7
28,96,8
29,96,7
28,96,7
29,96,7
28,96,7
29,96,7
28,96,7
29,96,7
28,96,8
30,96,7
28,96,7
30,96,7
29,96,8
30,96,7
29,96,9
29,96,6
30,96,9
30,96,6
30,96,9
30,96,6
29,96,9
28,96,10
28,96,7
28,97,4
29,96,5
29,96,8
28,97,6
28,96,9
30,96,9
29,96,7
29,96,10
29,96,7
30,96,8
29,96,8
30,96,7
29,96,7
30,96,6
29,96,8
29,96,5
29,96,8
29,96,5
30,96,7
28,96,8
30,96,7
28,96,7
30,96,7
29,96,9
30,96,7
31,96,5
31,96,8
29,96,8
28,96,8
29,96,6
29,96,9
30,96,7
29,96,9
29,96,6
29,96,9
30,96,7
29,96,9
30,96,7
29,96,9
30,96,7
29,96,8
30,96,7
29,96,8
30,96,7
29,96,8
30,96,7
30,96,10
30,96,7
29,96,9
30,96,7
30,96,10
30,96,7
30,96,10
30,96,7
29,96,9
30,96,7
30,96,10
30,96,7
30,96,10
30,96,7
30,95,10
31,96,7
30,96,9
31,96,7
31,95,9
31,96,7
31,95,9
31,96,7
31,95,6
31,96,7
31,96,5
31,96,8
0,100,3
0,100,6
0,100,9
0,100,6
0,100,9
0,100,6
0,100,9
0,100,6
0,100,9
0,100,6
0,100,9
0,100,6
1,100,9
0,100,6
1,100,9
0,100,6
1,100,9
0,100,6
1,100,9
0,100,6
1,100,9
0,100,6
1,100,8
0,100,7
1,100,8
0,100,7
1,100,7
0,100,7
1,100,7
0,100,8
1,100,7
0,100,8
1,100,7
0,100,7
1,100,7
0,100,8
2,100,7
0,100,7
2,100,7
1,100,7
2,100,8
1,100,7
2,100,8
1,100,7
2,100,7
1,100,6
2,100,8
1,100,6
2,100,7
1,100,6
2,100,8
1,100,6
2,100,8
1,100,5
2,100,8
1,100,6
2,100,7
1,100,6
2,100,7
1,100,6
2,100,8
1,100,9
2,100,7
3,100,6
2,100,8
3,100,8
2,100,8
3,100,6
2,100,7
3,100,7
2,100,8
3,100,7
2,100,7
3,100,6
2,100,9
3,100,6
2,100,8
3,100,6
2,100,9
3,100,6
2,100,9
3,100,6
3,100,9
3,100,6
3,100,9
3,100,6
3,100,9
3,100,6
3,100,9
2,100,6
3,100,8
2,100,6
3,100,8
3,100,6
3,100,8
3,100,6
3,100,8
3,100,6
4,100,8
3,100,7
4,100,8
3,100,6
4,100,8
3,100,6
4,100,8
3,100,6
4,100,8
3,100,6
4,100,8
3,100,6
4,100,8
3,100,6
4,100,8
4,100,5
4,100,8
4,100,5
4,100,8
4,100,6
4,100,8
4,100,6
4,100,8
4,100,6
4,100,9
5,100,6
4,100,8
4,100,6
4,100,9
5,100,6
4,100,9
4,100,6
4,100,9
4,100,6
5,100,9
4,100,6
4,100,9
4,100,6
5,100,9
5,100,6
5,100,9
5,100,6
5,100,9
4,100,6
5,100,9
5,100,6
5,100,9
5,100,6
5,100,9
5,100,6
5,100,9
5,100,6
5,100,9
5,100,6
5,100,9
5,100,6
5,100,9
5,100,6
6,100,9
5,100,6
5,100,9
5,100,6
6,100,9
6,100,6
5,100,9
6,100,6
6,100,9
6,100,6
6,100,9
6,100,6
6,100,9
6,100,6
6,100,9
6,100,6
7,100,9
6,100,7
7,100,9
6,100,7
7,100,8
6,100,7
7,100,8
6,100,7
7,100,7
6,100,7
7,100,7
6,100,7
7,100,8
6,100,7
7,100,7
6,100,7
7,100,8
6,100,7
7,100,7
6,100,7
7,100,8
6,100,7
7,100,8
6,100,9
6,100,6
7,100,7
6,100,10
7,100,7
6,100,5
7,100,8
8,100,7
7,100,8
7,100,5
7,100,8
8,100,6
7,100,8
8,100,6
7,100,8
8,100,6
7,100,8
8,100,6
7,100,8
8,100,6
7,100,8
8,100,7
7,100,8
8,100,7
7,100,7
8,100,7
7,100,8
8,100,7
7,100,7
8,100,8
7,100,7
8,100,8
7,100,7
8,100,8
8,100,6
9,100,8
8,100,7
9,100,8
7,100,7
9,100,8
8,100,7
9,100,7
8,100,7
9,100,7
8,100,7
9,100,8
8,100,7
9,100,7
8,100,7
9,100,8
8,100,7
9,100,8
8,100,7
9,100,8
8,100,7
9,100,8
8,100,5
9,100,8
8,100,6
9,100,8
9,100,5
9,100,8
9,100,5
9,100,8
8,100,6
9,100,8
9,100,6
10,100,8
8,100,7
10,100,8
9,100,6
10,100,7
9,100,6
10,100,7
8,100,8
10,100,7
8,100,8
10,100,7
9,100,10
10,100,7
10,100,10
10,100,7
11,100,7
10,100,7
11,100,9
10,100,7
11,100,9
10,100,7
11,100,9
10,100,7
11,100,9
10,100,7
11,100,9
10,100,7
11,100,6
10,100,7
11,100,8
10,100,7
11,100,8
10,100,7
11,100,8
10,100,7
11,100,9
10,100,7
11,100,9
10,100,7
11,100,9
10,100,7
11,100,9
11,100,7
11,100,9
11,100,7
11,100,9
11,100,7
12,100,9
11,100,7
12,100,9
11,100,7
12,100,8
11,100,7
12,100,8
11,100,7
12,100,8
11,100,7
12,100,7
11,100,7
12,100,7
11,100,7
12,100,7
11,100,7
12,100,7
11,100,8
12,100,7
11,100,8
12,100,7
11,100,7
12,100,7
11,100,8
12,100,7
11,100,7
12,100,7
11,100,8
12,100,7
11,100,8
12,100,7
11,100,8
12,100,7
11,100,8
12,100,7
11,100,8
12,100,7
11,100,8
12,100,7
12,99,9
12,100,7
12,99,10
13,100,7
12,100,9
12,100,7
12,99,9
13,100,7
12,100,7
13,100,7
12,100,8
13,99,7
12,100,6
13,99,7
12,100,8
13,99,8
12,100,7
13,99,7
12,100,6
13,99,7
12,99,9
13,99,7
12,100,6
13,99,7
12,100,5
13,99,7
14,99,10
13,99,7
13,100,4
13,99,7
14,99,10
13,99,7
12,100,6
14,99,7
14,100,4
14,99,7
13,100,5
14,99,7
13,100,5
14,99,7
14,99,5
14,99,7
13,100,8
14,99,7
14,99,5
14,99,8
14,100,5
14,99,8
15,99,6
14,99,8
15,99,6
14,99,8
14,99,5
14,99,8
15,99,6
14,99,8
15,99,6
14,99,8
15,99,5
14,99,8
15,99,6
14,99,8
15,99,6
14,99,8
15,99,6
14,99,8
15,99,6
14,99,8
15,99,6
14,99,9
15,99,6
14,99,8
15,99,6
14,99,8
15,99,7
14,99,8
15,99,6
15,99,9
15,99,6
15,99,9
15,99,6
15,99,9
15,99,6
15,99,9
15,99,6
15,99,9
16,99,6
15,99,9
15,99,6
15,99,9
16,99,6
16,99,9
16,99,6
15,99,9
16,99,6
16,99,9
15,99,7
16,99,9
16,99,7
17,99,7
16,99,7
17,99,8
16,99,7
17,99,8
16,99,7
17,99,7
16,99,7
17,99,8
16,99,7
17,99,7
16,99,7
17,99,8
16,99,8
17,99,7
16,99,7
17,99,6
16,99,7
17,99,7
16,99,8
17,99,7
16,99,7
17,99,7
16,99,8
17,99,7
16,99,8
17,99,6
16,99,7
17,99,7
17,99,4
16,99,7
16,99,6
16,99,7
16,99,9
17,99,7
17,99,10
17,99,7
16,99,10
17,99,7
18,99,8
17,99,7
18,99,7
17,99,8
17,99,5
17,99,8
18,99,7
17,99,7
18,99,8
17,99,7
18,99,6
17,99,7
18,99,6
17,99,7
18,99,7
17,99,7
18,99,6
17,99,8
18,99,6
17,99,8
18,99,6
18,99,8
18,99,6
18,99,8
18,99,6
18,99,8
19,99,6
18,99,8
18,99,5
18,99,8
19,99,7
18,99,10
18,99,7
18,99,4
18,99,7
19,99,8
18,99,9
19,99,7
18,99,6
19,99,7
18,99,7
19,99,7
18,99,8
19,99,7
19,98,10
19,99,7
18,98,10
19,99,7
19,98,10
19,99,7
20,98,10
19,99,7
19,98,10
19,99,7
20,98,10
19,99,7
20,98,8
19,99,7
19,98,10
19,98,7
20,98,10
20,98,7
19,98,10
20,98,7
20,98,10
20,98,7
21,98,8
20,98,7
20,98,5
19,98,7
20,98,6
19,98,7
20,98,5
19,98,7
21,98,7
19,98,8
20,98,5
19,98,7
20,98,6
20,98,8
20,98,6
20,98,8
20,98,6
20,98,8
21,98,6
20,98,8
20,98,5
20,98,8
20,98,5
20,98,8
21,98,6
20,98,8
21,98,5
20,98,8
21,98,5
20,98,8
21,98,5
20,98,8
21,98,6
20,98,8
21,98,5
21,98,8
20,98,6
21,98,8
20,98,6
21,98,8
21,98,6
21,98,8
21,98,6
21,98,8
21,98,6
21,98,8
21,98,6
21,98,8
21,98,6
21,98,8
20,98,8
21,98,7
20,98,8
21,98,7
20,98,7
21,98,7
20,98,8
22,98,7
21,98,10
21,98,7
20,98,6
22,98,7
21,98,9
22,98,7
20,98,8
22,98,7
21,98,10
22,98,7
21,98,9
22,98,7
21,98,9
22,98,7
21,98,9
22,98,7
21,98,9
22,98,7
21,98,7
22,98,7
21,98,8
22,98,7
23,98,6
22,98,7
21,98,7
22,98,8
22,98,5
22,98,7
22,98,5
22,98,7
21,98,6
22,98,7
24,98,8
22,98,7
24,97,8
22,98,7
22,98,5
22,98,8
23,98,6
23,98,8
22,98,5
22,98,8
22,98,5
23,98,8
24,98,6
23,98,9
23,98,6
22,98,8
23,98,6
23,97,9
24,98,6
23,98,8
22,98,6
23,98,5
23,98,8
24,97,8
23,98,9
23,98,6
22,98,6
23,98,7
24,97,7
23,98,9
24,97,7
23,98,7
22,98,6
23,98,7
24,97,8
23,98,8
23,98,5
23,98,8
23,98,5
23,98,7
25,97,9
23,98,8
23,98,6
24,98,7
23,98,6
24,98,7
24,97,9
24,98,7
22,98,8
24,98,7
23,98,6
24,98,7
24,97,9
25,97,6
24,97,9
23,98,8
24,98,5
24,98,8
24,98,5
24,97,8
23,98,7
24,97,7
23,98,5
24,97,7
23,97,10
24,97,7
23,98,9
23,98,6
23,98,6
24,98,7
24,97,9
23,98,7
25,97,8
24,98,6
24,97,9
24,98,6
24,97,9
24,98,6
25,97,9
24,97,6
24,97,9
24,97,7
25,97,9
24,97,6
25,97,9
24,97,7
25,97,9
24,97,7
25,97,9
25,97,7
25,97,9
25,97,7
25,97,9
25,97,6
25,97,9
25,97,7
25,97,10
25,97,7
24,97,9
25,97,6
25,97,9
26,97,7
25,97,10
26,97,7
25,97,8
26,97,7
25,97,8
26,97,7
25,97,10
26,97,7
25,97,4
26,97,7
26,97,10
26,97,7
26,97,10
26,97,7
27,97,9
26,97,7
25,97,7
26,97,7
27,97,6
26,97,7
27,97,7
26,97,7
27,97,6
26,97,7
26,97,5
26,97,8
27,97,5
26,97,8
26,97,10
26,97,8
26,97,5
26,97,8
27,97,5
26,97,8
27,97,5
26,97,8
27,97,5
26,97,8
27,97,5
27,97,8
27,97,6
27,97,8
27,97,5
27,97,8
27,97,5
27,97,8
28,97,6
27,97,8
28,97,6
27,97,8
28,96,7
27,97,8
28,97,6
27,97,8
28,96,7
27,97,8
28,97,6
27,97,7
28,97,7
27,97,9
28,97,7
27,97,8
28,96,7
27,97,8
28,96,7
27,97,8
28,96,7
27,97,8
28,96,7
27,97,8
28,96,7
27,97,9
28,96,7
27,96,10
28,96,7
29,96,5
28,96,7
27,97,9
28,96,7
27,97,7
28,96,7
29,96,10
28,96,7
29,96,10
28,96,7
29,96,7
28,96,7
29,96,8
28,96,8
28,96,5
28,96,8
29,96,5
28,96,8
29,96,5
28,96,8
28,96,5
28,96,8
29,96,5
29,96,8
29,96,5
29,96,8
29,96,5
29,96,8
29,96,6
29,96,8
30,96,7
29,96,7
30,96,6
29,96,8
29,96,6
29,96,8
30,96,6
29,96,8
29,96,5
29,96,8
29,96,5
29,96,8
30,96,5
29,96,8
30,96,5
29,96,8
30,96,7
29,96,8
30,96,6
29,96,8
30,96,7
29,96,8
31,95,9
30,96,7
30,96,4
30,96,7
31,95,9
30,96,8
31,95,8
30,96,9
30,96,6
30,96,9
30,96,6
30,96,9
30,96,6
30,96,9
30,96,6
30,96,9
30,96,6
30,96,9
30,96,6
31,95,8
30,96,7
31,95,8
30,96,7
31,95,8
30,96,7
31,96,6
30,96,8
31,95,7
30,96,8
31,95,6
30,96,8
31,96,5
31,96,8
31,96,6
30,96,8
31,96,5
31,96,8
31,96,6
31,96,8
31,96,5
31,96,8
31,95,6
31,96,8
32,95,7
31,96,8
32,95,7
31,96,8
32,95,7
31,95,9
32,95,7
31,96,8
32,95,6
31,96,8
32,95,7
31,95,9
32,95,6
31,95,8
32,95,7
31,96,8
32,95,7
31,96,8
32,95,6
32,95,8
32,95,6
32,95,9
32,95,6
32,95,9
32,95,6
32,95,9
32,95,6
33,95,6
34,94,9
33,95,9
32,95,7
33,95,8
32,95,8
33,95,5
32,95,7
31,95,8
32,95,8
33,95,7
32,95,7
31,95,10
32,95,8
33,95,5
32,95,8
33,95,5
32,95,8
32,95,5
33,95,8
33,95,5
33,95,8
32,95,6
33,95,8
33,95,5
33,95,8
33,95,5
33,95,8
33,95,5
33,95,8
33,95,5
33,95,8
33,95,5
33,95,8
32,95,11
33,95,8
34,94,7
33,95,8
34,95,5
33,95,8
34,94,7
33,95,8
35,94,8
34,95,7
34,95,4
34,95,7
34,94,9
34,95,7
34,94,10
34,95,7
34,94,10
34,94,7
34,94,10
0,100,3
0,100,6
0,100,9
0,100,6
0,100,9
-1,100,6
0,100,7
1,100,8
0,100,8
-1,100,7
0,100,7
1,100,5
0,100,8
1,100,5
0,100,7
1,100,9
0,100,7
1,100,8
0,100,6
1,100,8
0,100,6
1,100,9
0,100,6
1,100,9
0,100,6
1,100,9
0,100,6
1,100,8
1,100,6
2,100,8
1,100,6
1,100,9
1,100,6
2,100,8
1,100,7
2,100,8
1,100,7
2,100,8
1,100,7
2,100,8
1,100,7
2,100,7
1,100,7
2,100,7
1,100,8
2,100,7
1,100,8
2,100,7
1,100,7
2,100,7
1,100,7
2,100,7
1,100,8
2,100,7
1,100,7
2,100,8
1,100,7
2,100,7
1,100,6
2,100,8
1,100,7
2,100,7
2,100,5
2,100,7
1,100,8
2,100,7
1,100,8
2,100,7
4,100,8
2,100,8
3,100,6
2,100,7
3,100,5
2,100,7
3,100,6
3,100,8
3,100,5
2,100,8
3,100,5
3,100,8
3,100,5
3,100,8
0,100,3
0,100,6
0,100,9
1,100,7
0,100,10
-1,100,8
-1,100,5
0,100,7
0,100,4
0,100,7
-1,100,10
-1,100,7
0,100,4
0,100,7
1,100,10
0,100,8
-1,100,6
0,100,7
-1,100,5
0,100,7
0,100,10
0,100,7
-1,100,4
0,100,7
1,100,10
0,100,7
0,100,10
0,100,7
-1,100,9
0,100,7
1,100,10
0,100,7
0,100,10
0,100,7
1,100,7
0,100,7
1,100,9
0,100,7
0,100,4
0,100,7
1,100,6
0,100,8
1,100,6
0,100,8
1,100,5
1,100,8
1,100,5
1,100,8
1,100,5
1,100,8
1,100,5
1,100,7
2,100,8
1,100,7
2,100,8
1,100,7
2,100,9
1,100,7
2,100,7
1,100,7
2,100,7
1,100,7
2,100,8
1,100,7
2,100,8
1,100,7
2,100,6
1,100,7
2,100,7
1,100,8
2,100,6
1,100,8
2,100,5
2,100,8
2,100,5
1,100,8
1,100,5
2,100,8
2,100,6
2,100,8
2,100,6
2,100,9
2,100,6
2,100,9
2,100,6
2,100,9
1,100,6
2,100,9
2,100,6
3,100,8
3,100,5
2,100,8
2,100,5
2,100,8
3,100,5
3,100,8
2,100,6
2,100,9
2,100,6
3,100,8
2,100,5
3,100,8
2,100,7
3,100,8
2,100,7
3,100,8
2,100,7
3,100,7
2,100,7
3,100,8
2,100,8
3,100,7
2,100,7
3,100,8
3,100,5
3,100,8
3,100,5
3,100,8
0,100,3
0,100,6
0,100,9
0,100,6
0,100,9
0,100,6
0,100,9
0,100,6
1,100,9
0,100,6
1,100,9
0,100,6
1,100,9
0,100,6
1,100,9
0,100,6
1,100,8
0,100,6
1,100,9
0,100,6
1,100,9
0,100,6
1,100,9
1,100,6
1,100,9
1,100,6
1,100,9
1,100,6
1,100,9
1,100,6
1,100,9
1,100,6
1,100,9
1,100,6
1,100,9
1,100,6
1,100,9
1,100,6
2,100,9
1,100,6
2,100,9
1,100,6
2,100,9
1,100,6
2,100,9
1,100,6
2,100,9
2,100,6
2,100,9
2,100,6
2,100,9
2,100,6
3,100,7
2,100,7
3,100,9
2,100,7
3,100,8
2,100,7
3,100,8
2,100,7
3,100,8
2,100,7
3,100,8
2,100,7
3,100,8
2,100,7
3,100,8
2,100,7
3,100,8
2,100,7
3,100,9
2,100,7
3,100,9
2,100,6
3,100,9
3,100,6
3,100,9
3,100,6
3,100,9
3,100,6
2,100,9
3,100,6
3,100,9
3,100,7
3,100,9
3,100,7
2,100,9
3,100,7
3,100,9
3,100,7
3,100,9
4,100,7
2,100,8
4,100,7
2,100,8
4,100,7
3,100,9
4,100,7
3,100,6
4,100,7
3,100,10
4,100,7
4,100,10
4,100,7
3,100,8
4,100,7
4,100,5
4,100,7
5,100,5
4,100,7
5,100,5
4,100,8
5,100,6
4,100,7
5,100,6
4,100,8
5,100,5
4,100,8
5,100,6
4,100,8
5,100,6
4,100,8
5,100,6
4,100,8
5,100,6
4,100,8
5,100,6
4,100,8
5,100,6
4,100,8
5,100,6
4,100,8
6,100,7
4,100,8
6,100,7
5,100,8
6,100,7
5,100,8
6,100,7
5,100,8
6,100,7
5,100,8
6,100,7
5,100,8
6,100,7
5,100,8
6,100,7
5,100,8
6,100,7
5,100,8
6,100,7
5,100,8
6,100,7
5,100,8
6,100,7
5,100,8
6,100,7
5,100,7
6,100,7
5,100,7
6,100,7
5,100,6
6,100,8
5,100,6
6,100,8
6,100,5
6,100,8
7,100,5
6,100,8
6,100,5
6,100,8
7,100,5
6,100,8
7,100,5
7,100,8
7,100,5
7,100,8
7,100,5
7,100,8
6,100,5
7,100,8
7,100,5
7,100,8
7,100,5
7,100,8
7,100,5
7,100,8
7,100,6
7,100,8
7,100,6
7,100,8
7,100,5
8,100,8
7,100,6
8,100,8
7,100,6
8,100,8
7,100,5
8,100,8
7,100,6
8,100,8
7,100,6
8,100,8
7,100,6
8,100,8
8,100,5
8,100,8
8,100,5
8,100,8
8,100,6
8,100,8
8,100,5
8,100,8
7,100,6
8,100,9
8,100,6
8,100,9
8,100,6
9,100,8
8,100,6
9,100,8
8,100,6
9,100,8
8,100,7
9,100,8
8,100,6
9,100,8
8,100,6
9,100,6
8,100,8
0,100,3
0,100,6
0,100,9
0,100,6
0,100,9
0,100,6
0,100,9
1,100,6
0,100,9
1,100,6
0,100,7
1,100,6
0,100,8
1,100,9
0,100,7
1,100,6
0,100,6
1,100,8
0,100,8
1,100,8
1,100,5
1,100,8
0,100,7
1,100,9
1,100,6
2,100,8
1,100,6
1,100,8
1,100,11
0,100,8
1,100,10
0,100,11
0,100,8
0,100,5
0,100,8
1,100,9
1,100,6
1,100,4
1,100,7
1,100,10
1,100,7
1,100,4
1,100,7
1,100,10
1,100,7
1,100,10
1,100,7
1,100,4
1,100,7
1,100,10
1,100,7
1,100,4
1,100,6
1,100,4
1,100,7
1,100,10
1,100,7
0,100,4
1,100,6
1,100,10
1,100,7
0,100,9
1,100,6
2,100,6
1,100,8
2,100,10
1,100,8
0,100,5
1,100,3
2,100,5
3,100,6
4,100,9
4,100,11
5,100,9
3,100,7
5,100,7
5,100,10
4,100,9
3,100,6
4,100,8
6,100,8
4,100,8
5,100,11
5,100,8
5,100,5
5,100,4
6,100,4
8,100,6
8,100,9
10,100,7
10,100,8
12,100,7
11,100,9
13,100,8
12,99,10
11,100,7
12,100,4
11,100,7
12,99,9
12,99,12
12,99,9
11,100,7
12,100,8
11,100,6
12,100,8
11,100,6
12,100,9
13,99,9
12,100,8
12,100,5
12,100,7
12,100,5
12,100,8
13,100,7
12,100,8
13,100,6
12,100,8
13,99,7
12,100,8
13,99,8
12,99,9
14,99,9
12,99,9
13,100,7
12,99,10
13,99,7
13,99,10
13,100,7
12,99,9
13,99,7
11,100,7
11,100,3
12,100,6
10,100,9
10,100,6
10,100,4
10,100,7
11,100,10
12,99,13
11,99,10
10,100,9
11,100,6
12,100,4
13,100,6
14,99,8
17,99,11
18,99,8
20,98,10
19,98,7
19,98,9
20,98,11
20,98,8
21,98,6
20,98,8
21,98,11
20,98,8
21,98,7
20,98,9
21,98,11
20,98,12
20,98,9
21,98,6
20,98,9
19,99,6
19,99,2
18,99,-1
18,99,2
18,99,5
17,99,2
17,99,-1
17,99,2
18,99,5
18,99,2
18,99,6
18,99,9
18,99,6
19,99,7
18,99,5
18,99,2
18,99,5
18,99,8
18,99,6
18,99,8
18,99,5
18,99,2
18,99,5
19,99,4
18,99,6
19,99,6
18,99,6
18,99,3
18,99,6
18,99,4
18,99,7
18,99,4
18,99,7
19,99,5
18,99,7
19,99,6
18,99,7
18,98,10
18,99,8
20,98,9
19,99,7
17,99,6
19,99,7
18,99,4
19,99,7
18,99,4
19,99,6
18,99,9
19,99,6
18,99,9
19,99,6
18,99,9
19,99,6
18,99,3
19,99,5
18,99,4
18,99,6
19,98,8
18,99,6
19,98,8
18,99,6
19,99,6
18,99,6
19,98,7
18,99,6
19,98,7
19,99,5
19,98,7
19,99,6
19,98,7
19,99,5
20,98,7
19,99,6
19,98,8
19,99,5
19,98,8
19,99,6
19,98,8
19,99,6
20,98,8
19,99,5
19,98,8
19,99,6
19,98,8
19,99,6
20,98,7
19,99,6
20,98,6
19,99,6
20,98,7
19,99,7
20,98,7
19,99,7
20,98,6
19,99,6
20,99,6
19,99,7
20,98,7
19,99,7
20,98,6
19,99,6
20,98,6
19,99,6
20,98,6
19,99,6
20,98,7
20,99,4
19,98,8
21,98,9
19,98,11
18,99,10
19,98,8
20,98,6
20,98,9
19,99,7
20,98,10
22,98,9
20,98,9
20,99,6
20,98,8
19,99,6
20,98,8
19,99,6
20,98,8
19,99,6
20,98,8
20,98,11
20,98,13
17,99,10
16,99,8
16,99,5
16,99,8
16,99,11
16,98,14
16,99,11
16,99,8
15,99,5
15,99,1
15,99,4
15,99,2
16,99,4
15,99,7
16,99,5
15,99,8
16,99,5
15,99,8
16,99,5
15,99,5
16,99,7
16,99,10
17,99,9
16,99,8
16,99,4
16,99,2
16,99,4
16,99,5
16,99,6
17,99,9
16,99,9
15,99,7
16,99,8
17,99,9
16,99,7
16,99,9
17,99,8
16,99,9
17,99,7
15,99,8
17,99,8
16,99,10
17,99,8
18,99,10
17,99,8
16,99,7
17,99,8
17,99,6
17,99,8
16,99,7
17,99,8
16,99,9
17,99,8
16,99,8
17,99,9
16,99,7
17,99,8
17,99,6
16,99,5
17,99,6
17,99,9
17,99,6
17,99,8
17,99,5
17,99,2
17,99,5
16,99,4
17,99,6
17,99,8
17,99,6
18,99,6
17,99,4
17,99,1
17,99,4
17,99,7
17,99,4
17,99,7
17,99,5
18,99,2
20,99,1
22,98,4
24,97,7
26,97,10
25,97,8
28,97,7
27,96,9
28,97,6
28,97,3
28,97,6
28,97,4
28,97,6
28,97,4
28,97,5
28,97,3
28,96,6
28,97,4
28,96,7
28,96,11
28,96,13
28,96,10
29,96,7
29,96,4
28,96,6
29,96,9
30,96,7
30,96,10
28,96,9
30,96,8
29,96,5
29,96,3
29,96,3
29,96,5
29,96,7
29,96,5
29,96,6
29,96,4
29,96,7
28,96,10
29,96,8
27,97,6
25,97,9
25,97,7
24,97,10
23,97,12
21,98,9
19,99,7
19,99,4
19,99,7
20,98,6
19,99,7
19,98,10
19,99,7
19,99,4
19,99,1
19,99,4
19,98,8
19,98,11
19,98,7
19,98,10
19,99,7
19,99,4
19,98,7
20,98,10
22,98,9
22,98,6
22,98,9
22,97,12
21,98,10
22,98,7
22,98,10
21,98,9
22,98,10
22,98,7
22,98,4
22,98,8
23,98,8
22,98,9
21,98,12
22,98,11
21,98,8
21,98,5
21,98,2
21,98,5
21,98,8
21,98,11
20,98,8
20,99,5
19,99,2
19,99,5
20,98,8
20,99,5
20,98,8
20,98,11
20,98,8
20,99,5
19,98,8
20,99,5
20,98,8
20,98,6
19,98,8
20,98,5
19,99,7
20,99,5
20,98,8
20,98,6
20,98,8
20,98,5
20,98,8
20,98,5
20,98,8
20,98,5
20,98,8
20,98,5
20,98,8
20,98,5
20,98,8
20,98,5
20,98,8
20,98,6
20,98,8
21,98,6
20,98,9
21,98,7
20,98,6
21,98,6
20,98,6
21,98,7
20,98,7
21,98,7
20,98,6
21,98,7
20,98,6
21,98,7
20,98,6
21,98,7
20,98,6
21,98,7
20,98,6
21,98,7
21,98,4
21,98,7
20,98,5
21,98,6
22,98,5
21,98,6
21,98,9
21,98,6
22,98,9
21,98,6
20,98,8
21,98,6
21,98,9
21,98,6
21,98,9
21,98,6
21,98,8
21,98,6
22,98,9
22,98,6
23,98,7
22,98,6
21,98,9
22,98,7
22,98,4
22,98,7
22,98,4
22,98,7
23,98,8
22,98,6
23,98,8
22,98,6
21,98,7
22,98,6
21,98,8
22,98,7
22,98,4
22,98,7
22,98,4
22,98,6
23,98,3
26,97,1
29,96,4
32,95,7
33,95,10
32,95,7
33,95,4
33,95,6
32,95,7
33,95,7
33,95,6
33,95,7
33,95,10
33,95,7
33,95,4
33,95,7
34,94,9
32,95,8
33,95,6
33,95,4
33,95,1
33,95,4
33,95,7
34,94,9
33,95,7
33,95,5
34,95,2
36,94,4
36,94,6
35,94,5
35,94,2
35,94,5
35,94,8
36,93,10
36,94,7
35,94,4
35,94,1
35,94,4
35,94,7
35,94,4
36,94,7
35,94,4
36,94,7
35,94,4
36,94,7
35,94,4
36,94,7
35,94,5
36,94,7
35,94,5
36,94,6
35,94,8
36,94,6
35,94,6
35,94,3
35,94,5
34,95,2
33,95,5
32,95,8
28,96,11
26,97,8
24,98,6
24,98,3
24,98,6
23,98,8
24,98,6
24,97,9
25,97,6
24,98,6
24,98,4
24,97,7
24,97,10
24,97,7
25,97,9
24,97,7
24,98,4
24,97,6
24,98,4
24,97,7
25,97,9
24,97,7
25,98,4
24,97,7
25,97,4
24,97,6
25,97,4
24,97,7
24,97,10
25,97,7
25,97,4
24,97,6
25,97,5
25,97,7
25,97,10
25,97,7
0,100,3
0,100,6
0,100,9
0,100,6
1,100,8
0,100,7
1,100,7
0,100,5
1,100,5
0,100,6
1,100,6
0,100,5
0,100,8
0,100,5
1,100,8
0,100,5
0,100,8
0,100,5
0,100,8
1,100,5
0,100,8
1,100,5
0,100,8
1,100,6
0,100,8
1,100,5
0,100,6
1,100,6
0,100,8
1,100,6
0,100,8
1,100,6
0,100,7
1,100,6
0,100,7
1,100,6
1,100,3
1,100,6
2,100,5
1,100,7
2,100,5
1,100,6
2,100,7
1,100,6
2,100,7
1,100,6
2,100,8
1,100,6
2,100,8
1,100,6
2,100,7
1,100,6
2,100,7
1,100,5
2,100,7
1,100,6
2,100,7
1,100,6
2,100,7
1,100,6
2,100,7
1,100,6
2,100,6
1,100,6
2,100,6
1,100,6
2,100,7
1,100,6
2,100,7
2,100,5
2,100,7
1,100,6
2,100,6
1,100,6
2,100,6
1,100,6
2,100,6
1,100,6
2,100,6
1,100,6
2,100,6
1,100,7
2,100,6
2,100,5
2,100,7
2,100,5
3,100,7
2,100,5
3,100,6
2,100,5
3,100,6
2,100,6
3,100,6
2,100,6
3,100,6
2,100,5
3,100,6
2,100,9
3,100,6
3,100,9
2,100,6
3,100,9
3,100,6
3,100,8
3,100,6
3,100,8
3,100,6
4,100,6
3,100,6
3,100,4
3,100,6
4,100,6
3,100,7
3,100,4
3,100,7
3,100,4
3,100,7
3,100,5
3,100,7
3,100,4
3,100,7
3,100,4
3,100,7
2,100,5
3,100,6
3,100,5
3,100,7
2,100,6
3,100,6
2,100,6
3,100,6
2,100,6
3,100,7
2,100,5
3,100,6
3,100,5
3,100,6
2,100,6
0,100,3
0,100,6
-1,100,7
0,100,6
-1,100,8
0,100,6
0,100,8
0,100,6
0,100,9
0,100,6
1,100,8
0,100,6
1,100,8
0,100,6
1,100,7
0,100,6
1,100,7
0,100,6
1,100,5
0,100,6
1,100,7
0,100,6
1,100,7
0,100,6
1,100,4
0,100,6
1,100,6
0,100,6
1,100,6
0,100,6
1,100,6
0,100,6
1,100,6
0,100,7
1,100,7
0,100,6
1,100,6
0,100,6
1,100,6
0,100,6
1,100,6
0,100,6
1,100,7
0,100,6
1,100,7
0,100,5
1,100,6
1,100,5
1,100,7
0,100,5
1,100,7
0,100,5
1,100,6
0,100,6
1,100,7
1,100,5
1,100,7
1,100,5
1,100,7
1,100,5
1,100,7
1,100,5
2,100,6
1,100,6
2,100,6
1,100,6
2,100,6
1,100,5
2,100,6
1,100,5
2,100,6
1,100,5
2,100,6
1,100,6
2,100,6
1,100,5
2,100,6
1,100,6
2,100,6
1,100,5
2,100,6
1,100,4
2,100,6
1,100,5
2,100,6
2,100,3
2,100,6
1,100,4
2,100,6
2,100,3
2,100,6
2,100,3
2,100,6
2,100,4
2,100,6
3,100,5
2,100,6
3,100,5
2,100,6
3,100,5
2,100,6
3,100,6
2,100,6
3,100,6
2,100,6
3,100,6
2,100,6
3,100,7
2,100,6
3,100,6
2,100,6
3,100,6
2,100,6
3,100,7
2,100,6
3,100,7
2,100,6
3,100,7
2,100,6
3,100,7
2,100,6
3,100,7
2,100,5
3,100,7
2,100,5
3,100,7
2,100,5
3,100,7
3,100,5
3,100,7
3,100,5
3,100,7
3,100,5
3,100,7
3,100,5
3,100,7
3,100,5
3,100,7
3,100,5
3,100,7
3,100,5
4,100,7
3,100,6
4,100,7
3,100,5
4,100,6
3,100,6
4,100,6
3,100,6
4,100,6
3,100,7
4,100,6
3,100,7
4,100,6
3,100,6
4,100,6
3,100,7
4,100,6
3,100,7
4,100,6
3,100,7
4,100,6
3,100,9
4,100,6
3,100,7
4,100,6
4,100,8
4,100,6
4,100,8
4,100,6
5,100,7
4,100,6
5,100,7
4,100,6
4,100,4
4,100,6
5,100,7
4,100,6
5,100,5
4,100,6
5,100,5
4,100,7
5,100,6
4,100,6
5,100,6
4,100,6
5,100,6
4,100,6
5,100,6
4,100,6
5,100,6
4,100,6
5,100,6
4,100,6
5,100,6
4,100,6
5,100,6
4,100,7
5,100,6
4,100,6
5,100,6
4,100,6
5,100,6
4,100,6
5,100,6
4,100,6
5,100,6
4,100,6
5,100,6
4,100,6
5,100,6
4,100,6
5,100,6
4,100,6
5,100,6
4,100,6
5,100,6
4,100,6
5,100,6
4,100,7
5,100,6
4,100,6
5,100,6
4,100,6
5,100,6
4,100,6
5,100,6
4,100,6
5,100,6
5,100,4
5,100,6
5,100,4
5,100,6
5,100,4
5,100,6
4,100,7
5,100,6
4,100,6
5,100,6
6,100,6
5,100,6
6,100,4
5,100,6
6,100,4
5,100,6
6,100,6
5,100,6
6,100,6
5,100,6
6,100,5
5,100,6
6,100,5
5,100,6
6,100,6
5,100,7
6,100,6
5,100,6
6,100,5
5,100,7
6,100,5
6,100,8
6,100,5
5,100,7
6,100,5
6,100,7
6,100,5
6,100,7
6,100,5
6,100,8
6,100,5
6,100,8
6,100,5
6,100,8
6,100,5
6,100,8
6,100,5
6,100,8
6,100,5
6,100,8
6,100,6
6,100,8
7,100,6
6,100,7
7,100,5
6,100,7
7,100,6
6,100,8
7,100,6
6,100,8
7,100,6
6,100,8
7,100,6
6,100,9
7,100,6
6,100,7
7,100,6
6,100,8
7,100,6
6,100,6
7,100,6
6,100,4
7,100,6
7,100,4
0,100,2
0,100,4
0,100,2
0,100,5
0,100,3
0,100,5
0,100,2
0,100,5
0,100,3
0,100,3
0,100,2
0,100,3
